122 0110111001.

111111 100 w r. 1644, 01111100001101000101110011 1 11100 101 1101101001 01,
000101 u 101101010110 01010001001001000 00101001 1 11010110010010100111001100-
10011 1101010101 0 0011000 Ζο100101101,1000101010111111110 1110100101ἰο 11111101·

01110, po 1111110 10110 1001011 10110101 1110100100 0 1110100011101010100110 0 100-
10011 0101001100 00 1101010010 01110111010101 1 010100101101 01. 1731 010100·
10000). 111010000, 01οἐ 0111000110 0 1000101100, 1000101 0 0111110111000011
01101001101,1010’ 1010101101. 1010011, 0111100 pu 1100010010 00 01010001010 01010-
011,1000010101101010 0101101101 10100111 011010 1 100010 0 uim praua 110101 1010-
011 1110011001, 11110 10110 011 0101001011011 0001011 0010001010 (11010100 A. Ζ,
011. 93). 101011 010111 0 01010011 10101000 1 1011010. 110100010101010 ur.
1547 10111001 0111010 11101, 1000011 00001011, 1010100 01010101111111,
0011010το (111. 11000 L. 101. 115, 101. 59 I 66). 1101101011 01010011 111 1. 1646 -
1647 (111). Album Stud. 11. Ζ, 001. 1).

1111 Μ) 10001000111111100100011 111110 11110010100111 0000101101,
0 1. 1647 101 010 00011010011101 00001010011101110100010101 (Ar. 110001.. 001.
111101. 591 60).

⁶⁸) 100 1101001110, 1111000110 1001011010 w 011001 00001, 1100101010-
1010 0 01010011 0000101101 0101010 0001000 01101001 (1011010100 Β1111011.
1. XII, 011. 12). 101 01. 1641110110 „Artium 01 1111100011100 11001011 0001110-
101111 01010011 01101101 (11001. Caes. R. 60111011001869-1891 110 1100100110
Ae. 011000. 8111100011. 961. 01010 1. 1641, 000101 0 10111010 01101101 10010110-
0001 00 1101000010 10000110-110100010 (samue 011. 15 1 118110000001010 „fa-
0001000 0110011010 0110 01001001 60110110 0001001100 Eloquentiae profusor, 11001
w 0164110010011 110 101110001000 1 111101011000000101 101010 0010101111
0000101101 00 001101όο 0. Ρ.1 11010001 0 ’10001010 (1011010100 11111011,
t. 11111, 011. 155 1 156). 11001 10110 1010110 110101 1000111100001111011000110·
0001 (Tame). 11111100 po 110001001οηίο 010 10 Ζο0101010 000101 10000111οι0
1 1011010001, gdyz 0 1. 1617, 00 01010 1000110 1101111001 0111010 ,1. 111).
0111001100 eloquentiae Professor, Canonqus Ζο1000000010“ 11011000. L. 101. 115,
011. 59 1 60). 6010101100101101010000101011 00110 00000. W r. 1618100010
01110101, ehod- 011 00110001100100010 110001101000110. 01 1. 1649-1650111
10110100 0101011111 (111.1110018101.Α.Ζ.101.1), 000101 1001000000οι pamfli
011001001101,11001010101010 po Nowukowsklm. 111 1. 1651111 00001111 0 11010-
111 1101000101101 100 010111 1000010001 0 1101011110οἱ0 0000111010 1100010
00010 010110 0010001011111 1. 26 010100 1. 1. 00110 01010 001010011 (111. 10-
000 Α. Ζ, 011. 94). Co 1110 10001001 100100100ίο 1111001011ος0 100101001οὴ
0100001 001001οΙ1 1110 01010010.

ω1 1100111 1101001100 011011101Ιο 11011, 1001010100, 1 01011011 1011101001
011. 1001011010 Βο0111 1101010100. 10100111101000110011111010 „Zumosc'u 10101.
10 1101010100111 101001110000101010010010 1 1000111001 000100 101010 0 10100-
101011610101001 1101Ιο01 010 1110 0111000000 1 0 1111010 0110111 0100100100·
0 1001100101 01111010 0011110001 (Album 10000110, 011. 11000100011010,
1010, 1062, 011. 2381. Ζ 011011όο 11010100010 011, 10 1101001100 01011110 111
1011010011000111 1 0. R, 0 00001 0001001010 ,1000011000οἍ 010 1 1011101010
00110101, 01010 0 r. 1615111 110000000001 100010 0 1011010011 110100101101110,
1110011010 1 110110000001110,10 01000101000010 010 0 1000 1100010110οο, 001000-
1100010011011010 1101010 011. 216). Ζ’0 00011011 1001101111, 10 100101010101101
100111010 00110101 101 0 0161111101 10 1000001111.111001810111,
1011). 10100111 10001011 0101010011 101000 10001. ΒΙο100011010,0110101010,-

 

