214 66116616.

611616666666661666661666, 616. 666 161. ,Νο1616“ 6616666616 61116 6616116
6116666, 6166661616 161666 61616, 11616 6661 16161 ,1116166166 6666116 11116666
666161616“ (616. 6161616611. 18-61) 1 1661616 61616161666616661. 1769-1764.
11616166 1666 16166166 1661 16. Μ6166161-166 1666666611, 6166661116661611,
616666 promotor 661666 1 16. ks. 1616116161 16666166 1 6616616616 166616
6116616611. Ζ 16166166 1666 661666 66166, 16 61616 6166661166 6611616666
6616616666 6 16]· 6616616, 1661 6616666 ks. Κ666666611, 6166661616 166 6166
1661666616 66 116116661661666 816666 11166166666611161 6666616116 6166616666Ι
61666611166661161“ r. 1769 „Academiae Ζ6666666616 66 S. 11. Μ616616166 11·
661166“ r. 1769 - ,1161 6116166161611 66 6666661611 61161 1666611166 r. 1766.
,1.161 66616666, 66 1616166. 6. 6161611116 1761, „Preces 61666611 1661666116]
1 16661611611 r. 1761 116. Ζ661ο61661666 61661616 16166616 6616166616 661161
jakl 61616 6 6666 666616 61666666 16661616, 6616111 ja 66 611616 6616616166
1 6616166. 11616666 6161666166 66616616616116 6666611616611611666161161
1 6661661661, 1166616661 166666166616661611666 6661 16166166 161616. conv.
1 II. 11666611. quaest, tylokrotnlo 66166666.

116. Κ666666611, 11616 6 161Ι 6616616 61661 161 1111666166 1 6661661616,
166666 1 666616666166 6616161, 6616161 do 16611 616166 616666116661661616666.
Ζ 1666161 6666661616611 66 616616 66666 61616666 6661661166116116 6616·
»666116616 66 66 16611616 1616661661, 66661611 616 616 61616 6 16666116 6616-
66161 6661, 61 66 1666661666 1661616116 6166616166 1666161666. 116661 6161661
66666666, 666 1161666161666616616611661166161616 61666 66666161 6661661161
66 r. 17811, 6166611 16. 11666666611666 66 16116661666666666 6666116. 6166-
6666 6161616616, 1116666666 66 66111 66616 66666166 6666161111 6 61666611,
666661661161666 1 66666 6666616666, 616 61166666, 16 61611666 16661616
616 6666616616 1 666 166 66661616 666611616οέ6, 6661666666 616161 16 6666,
1616166 6661666166. Τ61 66 616 6116161116 6 1616166161 1 666166]Ι 6666616
6611666116] 8166161666 1616611666 1 616666611666166616. Adam 1166666611
11666 66616 66166166 1 1661666166, 616166166 666661616666, 66611661661166-
666666666, 6661 Sanno, 6166166166 116. 661616161661666611661666 66666 66616
66616616611666 16 8166161666 1616611666, 61616616 6616111666, 6666 1166616116
86161666 1 1666 1Ρ61661166, 6616666116 1116661166 661166616666616 116. 66666.
11616661 666666661 16661611 6166666 61616616 66 66666 6666 6 66616616
1666616, 16 666116 66 61616616 6666666 66666116, 666166666116616166161661616,
W 166 6166 6616, 66661166616661161616616 61616666 66161116 661666611666,
6666166616, 66166 61611666, 6116161666 6111661616 16. 1166666661666 166166-
616616616 66, 16 6666661666] 66661666 6166116611611611616616 6616 16616-
16661, 1 1166666 1666666 6661616 661 66616, 6 66661666 661116 1616166 ojeioc
61666666 61616166 6116616 66666 66 16616666666161616616] 6116661616
6661 66666166 666161 6 6666 61116666-666611 16661 6111661616, 66661661161616-
616616 6611666166 6666116661166 111666 1666616611, 6 166 161 16661616 6666-
616611 66616 miejsc(¹ 66 66166616 66161616 6666616666, 66116666 616 166616
66 1111661666. 666 ks. Kochnowski 66161 66 16 6616 1661666661, 1166666611
6666661666 66, 6611611, 16 66166 6666611 6116616116 66 66 1661161666
66161616 1661666166 66 16661 1, 6666616 661616616111666, 6111666161666
16661. 6116 6666616166 616 66661666 1 1166661666 66616616616166116666616-
61661 1166616661666, 16 61661 16 1666616 616 616166616 6661661111 1 6111666616
16666 66 6166666 66611616 1 1661111666 1661666166, 1166666661166661166611
6616 21 6166616 r. 1776 66 66666 6666616166 6 81661616 1 1166616666, 6616-

 

