1661116111. 241

t 11611611166111 11111661 6616111661. Ρ1616111616616 161661 1 6116116611
6666161161 61166616 1116666616 616 substytutami¹ 116161616666616161616161;
11666 1166116616 66161611, 6111116 66166161 6161166161. W 1. 17661111 6116-
166116 6161666161 611166 6666616116 1066161 66161, 6616 61616166 6161661616,

666111 16161661 6166661616116, 1161161 66 616166161 6161166161 1111616 20-16
1 116 6616 t 616116166116161 6161611116, 66 16116, 666111 (11161116616611. A.
Z. vol. 11).

1’1) 11116. 1616 16. 0661. vol. ΙΙ; 1116. 11616611. (1666616 1616 C. Z. vol. ΙΙΙ,
1611616166 11111611. Ι. 1116163601 394. 161 1616661611 111 61666 61661-
61616, 616 1116111161 6666 6116166161, 6166166 doktor 11666111, 111661166161116
6166161161 1116166611 do 6161111616 godo 6161161611, 6 6111111 16161 6161666166
61116611166666 616 666161. 1111 Ι 1661 [1616661611 16661, 16666111 66661611,
16661666661166611, 1161616 16611616 6 6616116 1111616616 616, 6666616 6 61616
grona 1 666161116 1666611 (Acta C. Z. 1611111 1116161166 6 1161 111061 (bo
11616616 616 11161666). 1666661611616, 1611616166. 111666111, 6616666611. 1732
na 61616661611661616611, 616 16611616 na 6661616661) 1111616166 teget roku
616 61111116 go, 16116616 66, 61161616166616666661661611116616161 1616-
66611 11616161161 (1616 0. Ζ. 161. ΙΙ). 11666666161616 6661611166111161166-
1661611111 2666661111 116 666616, 61616161 6161666166 111661611161 1 to 616
1611116 6616161661. Ze jednak 6666661116 666616 61611116 6616661111, 616
1166661111, 11161666 616666116 66 16666161 616161611161. Τ611 1 1. 1761
11616 9 11666616 ,6661 616666 11111066 de (166661116“ 666161 16666116, 6161616-
11161 1166101611, 11666611 1616111611 1666616161 11. 1770 11616 76616 61.
1116661 166616616111Ζ6666616, 6611161 61616 Ι 166661111 61666 161 111116
,666161611666 actus 166 66111666 quam 61116166, 6166111666 tractationem 166
11616 6161666116 Ι16616166“ 16616116666111, 6616161116. ’1611616 6661611111-
6161 1111161611 6166661161166 1616 12 6661166 1. 1772, 6 1616116161616 15
11666 1166116661 661661 81666111 Dr. 11. 616166616616661111 1 61666611 (116.
1616 16. 0661. 16111).

¹¹⁹) Ι116. 161616. conv. 161. ΙΙ; 116. 11616611. (1666611 1616 C. Z. 161. ΙΙΙ;
1616 066. 6611. 016116. 161. ΙΙΙ; 1611616166 1111116111. Ι. IX 611. 367, 382, 422,
433, 465 616. 1661161166 6616161 166616616616166161 6166661161 6 tego 66-
16116 6161116 616116 1616616661 661611 1 6161166111 116611616, 1 11616111 616
1161 6161616. 1111 66 66161616 6161666166 61616 61111661616116116611, do 16166
1616166111 110161, 166 6116116161 1111161161, 6 6661111166 611616661. Po 6111116-
66116 1616111611 6666161161, 1161666111 do 116166 616161 16611616161, 1616 116-
6661111 0. Ρ. Dr. 111611 1 1. 1761 611616116161611666 6616661116 1616116166,
6161661666, 61666 1161611616 66661616, 1161666 6161661616, 6161661166 661661-
6116, 6161166116 2461166616 1781 1. 611161616 6166611116 1166111611666 66116-
11616 0. Ρ, 611 661116 6161616 66616661 (1116. Acta 16. 6661. 161. Η).

¹⁸⁰1 Rkp. 161616. 1166116111 1116. 11616611. 11666616 1616 0. Ζ. 161. ΙΙΙ;
1611616166 1111116111. t. IX 611. 337, 347, 366, 391, 403, 422, 432, 443, 474, 502.
1616616166, 16116 6161666111666111 6 66166 16616111, 1116661661. 1666666 616611
11166166 6111116611 1616116611, 611 „philosophia 16666116166εί 1116 1111611666
(1116. 161616. 0661161. Π 6611 1. 1760), 1111161161 66166161 11666161. Podo-
16161 1616 61616661 16616111, 1111161161 66616111 6616611666, 6 66166 6616616666
66166611 16616116 6616166116666, 1 6616616 66666166 111166161611611611. 061
66161 6616616 6161616166116161, 661 11661616161 11611161 6161616161 go 66116
6166116666... 1161616 661661. 1161111661 6661611 116 1616611166, 611616 11616-

0 61616661661 616666112666161161. 16

 

