1111110111. 169

1111111011 11111110111 10111, 1101101010,1ο11110 10111, 10 10 1. 1112 110-
logii 110 11110101. 10110 11101111 11111011 Wosidskiego 1 11010111 11011101 1111-
1001101 11111101111, 1110110111 1 1. 111911010 (nouos. 10111). 0111111
10101 11110110 1 11111010110100011011111 11111.

· ¹¹⁰) 0111110110 11110 011 1111 10101011111011. 1110 11011011101111
11010001010110110111 (1011111101 1101011101011 38 1 19). 1111011011ἱο ’1110-
1010 10 11110111 10 11010 10 1101010. 20111111101101011010111101010

1100110111 1110111101110 1011111ι 1111011110 1111010111 110110100011101111-
1101, 10101011 1010 01111010110, 01101101 1111 1101111 111110111101 11111-
101, suero 10111111 11011101 1110101111, 1111011 00111 0 110101 11101111110-
1111, 1011011101 1110111 10 1111011011. Data 1010 1011011 11011011 01111-
010110, 11011 taine Owoniszewiozem‚ 10011 1101111010 &ussatei-Ausonis, jak
o 1011 prusiensi 011 monna 1 Ζο100111010(ΒΙ1110111000100101111 poionorum qui
111110 sermone scripserunt, 011. 65) 1 1 1010101010 (31111011. 11110111). 0111
11111101011 11101110 1010 1011111 „Palmatis 1110110 eiust, 111110 1. 1100 11Ζο·
110101ος a 11011011 10110 dodino, 10 1111 10 „Epigrammata 10111000111000
111111 01 10101100“.

111) Ρ110110111111111-1111010111 1 11010001 1111011 1 1111101111 10·
1101011011110111 10 101 01011110] 1110111 1100011111, 1111111 11010 0010111011,
101111οἰ1 0101111101, 010111 10 11111 10111111011101111100111 10111101 11010-
111011101. 1110111011 10 201101οΙ0 1 0100101, 1 11111011 110 1101111 i zdoino·
101, 1001 111101111οὲ1 111100111011 101111111111111010111010 101110111, 110-
10010111,101111 11111101011101110 1011011111111110. [10110101 1101111 1011
171801111111111010111 10 10101111, 1 1 1001111111 10111 assedi 1101 1001110-
110. cinglo 11111110 suadendi, 10011101 sansonie 110101101111110111111,11101,
10111 1011101011 11110111,01101ο robii praemuniendo kapitulo 01011101001
0110101111 1101 1101000111, 111 111011011011 0101011011 10 00101101111011010
11011111 11101011110001010111 1101111 111 1 111011011 01 0111101111
colom 10111110 11111111, 11111 11111011110111111111 1101111 1010101011111110110·
111110 101 11101111 10111001110101010 1010111011οη1 cossio i 11110 10111100
1110111 1101000111. 1101101011011011 01 11111111 111011110101 16 11101111
iius 01111 11001111 10 1111101111 1111110101οὁ 10111101 0010110111 1 11111111,
1 101110 1 10101111110 1101000111 10 1101111011, chod „secundario“‚ 1 j. 111-

- 11 111110 nie 1101111 1010, 11010 101011111 1011011 1111011111 0 101111010-

11101110111011,1101011101110 ich 1110 kapitula poucnnia 01111011111010101
0111110110011 door 1 11110101 11110101 0 111101 11101110111 1 1110101111, 11011-
1111111 10 110011 101001010111110 dada 1110 011011011 1111111011 11
110111, 011 10 rade 11111110 111101011110 10 1111101111, 01010111010111111 Konka
i 110001010110100111010 ,1110 iumen in 11001 11 Academia 101 010101 111101-
iores 01 Ρ11001100 01 consessum soum 11 Academiam 1100010100,οω 101110
congruat academiam 01 consessum capitularem 101110, 011010 communi com·
munibus 10 1100110 notis 11001010, Esceiieniibus 1). D. 1111010110 academiae de·
ciarsvii⁸. Zhardsiaia inanimis, 001011111011, 10 1111οΙ110 0111101111 11010-
mii 111101 1111110 011101110, 1 jeieli 0100110110010111, 1110 111011111011111
0110110110 101 1011101011, 10 111100101111 111010111011 sie o ich 101110-
111,11011110110110100111011011011101011 na 10 1110111111, 1 011 sama 10110
11001111101110010110110101111. Zapomniaio 1111101 00 1 10101101 01101101·
10101 111001100101101111011 11. 1619 1011001 Ζ111010111, 111 sie 1111011111 10
11010 0 1110110 1001111 udaia Oto 1001110111011110 0101011101 101010 roy

 

