101111οι11. 195

10011010 001 10111100 01010 00011010, 0111 101011100Ιο 101 100010110101 010-
1011101ουίο 0010100. 0110100 0011000 00100 101101, 01010101 10101110 010
00 1010011000 01010101010010, 11001010 10011010, 00101010101 na 10 010 11100010
urani 0 01, 111111 010 01011 0010111100101, 01101011. 10101101 na humanda,
1010001011 010 111111, strangi, i 00010011 00111 do 1110101 sadda. Miauto 10001
110111 0111101101 01011011, 0 101000101010 11101010 010110010 111111 1010
01100111 10011010, 11010 majac 1110 01011010 001011010110100,1011010,10
0101111010, 00 0110001, 101 00101010, 00 010010 00 0100001 1 nlicach; 10. So·
0001011. 01000111 1001101 8.Μί101010 tornisarni, 00111010011010 0111010·
1000110010111 01010 1000101100 1010000 01101 11101 110111010110101011
101011, 0011001000100111100110 S. 111101, chartac 10011010 0 0101000101001010-
100111 1011010 110. (Tamne). 110011010 1010110 1010 010001000 1010101, 111000-
1001 0110101 1011010101 0010, 010 11001 10010 i 0101001000111110010 1000110
0110011 111110101011, 110100011 100000111010111000 Co 1101010, 011 010101
1101011 0 10110 01010011. 0001000110 00101111 001101 01010001111011110111
001010111. 111 101 0111001, 1011011101011 010 0 100, 1110111 1011110110
w 000011010110, 011 101101 1 010100101 010 101111010 0011011101 001101010-
1000111 101 1011010010111011100 01110οο11, 10011010 00 000101100101 11 0010
1.174101011101011 irasc 101111011, 1011100110101οε ,1-0 Lecta 001 inhibitio
000 000 citatione 0 S. Nuuciatura ad instantiam Ill-mi D-ni Thomas 10001011
Palatini Lubiiuensis haeredis 01110011 01 Ρο11001 111-00 11001011 01 Universitatl
intimata, ne audeat 100010 Professores 01 academiam, 0101 0100110 consensu
Loci haeredis. 1.(100110100011001010111110110001000011010, 000 0101100 vigore
fundationis nou competat vocatio Professorum 11001011 011101101011011 001 Scho-
1001100 01 capitulo, 01 0 0001110 1101101011010 100 100011001010000 101010 0110101,
nunquam cousensus Patroni requirebatur, censuit 0110101001100 Sacri ’1111000110
101010 respondere Rectorem cum Universitate non 010 0010001010 vocationem
V. Capitulum cum non 011 citatum in 0001010 infirmari 000011, quidquid 10 100·
demia 1001000 1001111 (Tamtu). 111110101 1111011, 10110010101110010 1001·
1010 naturae, 0100101 000 00010 010 010 01111011. 010100 01011111 1011011101.
Wiadomo albuwiem 1110, 10 1011011101 00101001111100110100101010110101
00101110010010100011100 1010111, 0101110101 100 00010101 01011010, 00 00111-
101, 10101110 010 00 1110010 1011010010, 011 101101, jes'li 00010 001010, 0010-
101111 0101000111. 1110110 110110010100111 1 10011010, 00001110 100 0101110101
110110101 1 111110 101101 101010011001 go 1010111011. 0010100100 1100 0111-
01101010 10011010 1 akademija, 0001011 01110101 0010000101001010010110010
1110111.

1110100 10000011101011, 0111010001οο 10 0111010 1111111 011001010110010
1010101 11 01010011 1000101101, 0101110 0101 1010010 01101 soba Μ101 0110010·
namra 1010100 00 001010110 01000 1100111101010,1011 10011110 1010ᾱο011.
Autan, 110110 1001011 0101100110, 1011100 001 11110100 001011101010101
1 0010101110 111 101010 0011010010 1010 010100101 1111 0011011001 101111·
101010, 1010110 1111 go 101 0111111 0001011, 10011 10110100 1101111 00 0010110-
110010; 0 11111001 10010111 010100101101, 0 10010011001,11110 000111,101010
1001111 11010 (1010001100 Hisi. Sakai, 111. 1. ΠΙ 011. sai—330). 1110110
001010110010, 1 110101 010100101101, 1 1 011011100101101000011110010011, 10·
010111,00101111. 0111010 0110100οὀ 10010110, 10 010110100 111110 10010111,
0111111010 0011010111, 11000011 1 01110111, 11111 100100100101010100010010
01000010, 101001000 11010 1101 0010100, 10 Βο101101, 00 001101010010 0100

 

