1111111111. 117

⁴⁰) Turzycki, gdzieindzIej 111111Τ1111111111111111111111ε Β1111111. 1. XII,
111. 12),11111111111111111111111111111111111 1 w 1111 11111111 11111111 11111111.
Ρ1111111111111111 1111111111 11111111111111 11111111 11111 1111111111, 1111111111-
111111 11111111,1111111111 11111111111111 11111 8111111111111111111111 111111111-
11, 1111111 1111111 w 11111 1111111111 Το111111Ζ111111111111,111111 1ο 1111111111 11
1111 1111111 1111111111 1 1111111111 0111111111, 11111111111111 1ο 11111111 1111111111
11111 11111, 11111 1111 1 11111111111110111111 1111111111, a 1111 1111111111.

“) 11111111 1111111111 1111111111 111 1111111111, 1111111111111 11111111
11111 811111111111 (Pam. 111. Um. 1 1111111111 1111. moa-lust. 1. 11, 111. 209
1210). 1111111111111111111111111 1111111111 1111111111, 111111111111111 11111-
1111, 11111 111. 1611 1111 1111 11111111 1 11111 11111 1111111 1 1111111 11111
1111111111, 11111 D·r 11111111 (1111111. 11 11. L. I 0. w 111111, 1. VI, 111. 60).
W r. 1618 1111111111 1111111 1111111111 1111111111 1)-1111111111 1 11111111 111-
1111111111 (111. 11111. L. vol. 113, 1111. 19, 60, 96). 1111 (ungo 11111 w 1111111111
1111111111, 111 11111111. Ζ1111 111, 11 11 1111111111 111111111111111111111 1 1.
1652 (1111. Album Stud. Λ. Ζ. 1111), 111111111 111 1ο 1111111. 111 1111111

w r. 1613111111 11111111 11111111, 111111111111111111 111111111111111(1111111111
1111111111. 1. XII, 111. 108). Ν11111111 11111 11111 11111111111111111111111111·
11). 211111111111111 1 11111111111111111 111111 xvll 1.,1111111111 111111-

1111111 111111111111, 1111111 1111111 w 1111111111 1111111111, 1111111 111 1 11111-
11111111111111111. Μ11111111111111111 1111111111 111 w Zamos'ciu, 1111111111
111111 1111111111111111,1111111111 11111111 1111111111 1 111111111111 1111,
111111111111111111 111 1111111111, 1111111111 11111111.

⁴⁸) 111111111111111111, 111 111111111111 1111111111,11111111111111111
1111111111 111111111111, 111 111111 111111 1 1111 11111111 111111111111 Kra-
1111111111 11 1. 1631 1 1111111111 11111111111111111111111111. ,1111 111111 111111
11 2111111111, 111 11111111. 1111 111111 111111111111111111111111, 1111111111
111111 1111111111 1111111111111 11111111 11 1111111111 1111111111 111 11111
1111111 1111111111 w r. 1639 (rkp. 11111 Α. Ζ.,111.77178). 8111111111 11111111-
1111 ,11111111111111ᾒ 1111111111111, 11111111 w r. 1141111111 11111111 111·
1111111111111,1ο 111111111, 111111 1111111 1111111111 111 111 1111111111, 111
1111111111 1111 11111 1111111111 w 1111111111, 111111 11 11111111, 11 11111 r. 1610
1111111111111 1 1111111111 w 111111. Ze 11111111 11111111111111111, 111111
111 1111111111 [111111111111111 11111111 1111111111 11111111. 111111111631-
1636 111111 je 1 1111111111,1639111111111,11.16611111111111111111,
w 1616 w I‘oznanlu, 1617 w Krakowie (11111111111111111111.1.ΙΙΙ,111.209-260).
Nlo 11111111111111111 Ilugo 1111111111 11111111· 11111111111111 111 1111111111-
1111111 ,11111111111111“. 1111111,1111111,111111111111111“, 1 1111111111. Ζ1-
1111111 1111 1ο 111 1111, 11111111 1111111 11111 11111111 1Ρ1111111111111111.
1616 ,11111 1111111111 1111111111, 1)·11 1111. 1 1111111111 (1111. 11 11. L. I 0.
1 111111, 1. VI, 111. 611).

⁴⁹) Dobraszowski 11111111 1111111 1)·111111.111111111111111111111] w r.
1611 (1111111111 31111111. 1. ΧΠ, 111. 111111111111111111111111)-111111111111,
1111 11111111. 11111. 16111111 11111111111 1111111 11111111111 1111111111 za·
1111111111.

⁶⁰) 111Ζ111111111, 11111111 1 1111111 W. Κ.,11111111111111 111111111111
1111111111111 1111111 1111111111111 1 1. 1616, 1111111111 to, 111 111 1111 1111111111,
111 11111 11 11111111 11111111 11 Ζ11111111,111111118’. 5111111111 1111111111
1111111111 1 111 1111111, 1111 w 11111111111111 11111111 11111111 111 Ρ. Ρ.

 

