11111 1111111 11111111 1 ι111111111 1111111 111 *111111 1111111 1 1111111111
11111 1111111111 ’1111111111 111111111111 1111111111111111111111111111111111111
-111111 ι1111111111111111111111111111111111 1 111111111111111111111111 111111
1111111111 (11111111 1111 1111111 1111111111 1111111 111 11 11111111111111
111111111111111111 1-1 1 1111111111111 1111111111 Ι111111111111 1 111 11111
-1111111 ι11111111111111 1111 1111111 11111111 ’11111111 11111111 ’1111) 11111111
1111 1111111 1111111111 1111 111 111111 111-1111 ·1 1 ι1111, 1111111 11111
111 111111 11 ι1111 111 11111111 (1111 111111 11111111 1111111111111 az 111-11
111111111111111 111-191 ’1111111 11111111 1111 1111111111-’1 1 1111
1111111 1111) 1111111111 111111111111111 111 1111111111111111 1111 111111
ι1111 111111 11111111 111111111111 1111111 11 ι11111111111111111 1111111111
111111 11111111 111111 1111111111111 111111111111111 11111111 1111 1111111
11111 1111111111 1111111111 11 111111 111111 1111 1111111111111 ,,·11111111“
11111111 *111111111111 11111111 1111111 11111111 111 ι,1111111111ιδ 111 111
-111111 111111 1111 ’1111111111111111111 111111 111111111111111111111111111
-111 11111111 11111111 1111111 1111111111 1111111111 1111111 1 1111111111 11
’1111111111111111111111 1 111111111111 111 ι1111111111 1111111111111111111
1111111111 11111 111111 11111 1111 1111111 11111111 111 *1111111111 111 11
1111111111 ί1111111111111111111111111111111· 1111111111111 1111111111 1111111111
ι111111 11111 1111111111 1111111111111111111111111 1 ι111 11111 1 1111111111 1
1111111111 111 11 1111111111 1 111111111 11111111111 1 ι111111111 11111 1
1111111111111 1111111111 1111111111 1 1111111111 1111111111111 ί1111111 1111
11111111111111 111111 1111111 111111 11111111 111 11111 111 1111 111 111 11
-1111111111111111111 11 11111111111111111 ’1111111111111 1111111 111111111
1111111 11111 ’1111111111111111111111 11111111111111 11111111 11 111111
*1991 1111 1111111 1111111111111111111111111 11111111111111111111 111111
11111111 1111111111 11111111111111 11111111 11111111111 1111 11111111 111111
-1111111111111111111111111111 11111111111 111111 1 1111111111111 11 111 ί1111
-1111 111 111111 1111111111 11 111111111111111 11111 1111111111 ι111111111
11111111111 1111111111111 11111111 11111 11 1111111111111111111111 11111111
-111 1 1111111111111111111111 1111111111 1111111 ι1111 ι1111111111 11111111
-111111111111111 11 *111111111111 1111111 11111111111111111111 1111111111
11111111111 1 111 11111111 1 11111111 11111111111111111111 11111 11111111111
11111111113111 1111111111 1111111111111111111 111 ί111111111111111111 1111
-11111 1 11111111111111111 11111111111 1111111 1 111111111111111111111111
11111111 11111111 11111111 11111 1111111111 11111111111111 1111 *1111111
1111111111 1111111 111 11111 111111 111111111111 1111 1111 1111 111 ι111
-111111 [1111111111111 1111111111 11111118 11111111 111111111111 11 1111111
-11 1111111111 1 111111111111 *111111111111 11111111111111111111111 111
111111 111111-1111111111 1111111111 1111111111 1111111111 111111 11111111 1
111111111111 11111111111111111111111111111 11 111111111111 1 1111111111 111
-1111111111111111 111111111111111111111111111 1 11111111111111 1111111111 11
11111111 11111111 11111 ’11111111 11111111 1111111111111111 1111111111 11111 1111
11111111111111111 11111111111111111111111111 1 ί11111111 1 11111 ι1111111
11111111 11111111111 1 1111 1111111 11111 1111 111111111 11111 1111111
1111111 111 111111111 11111111111111 1111111111 111111111111111 1111111111
11111 11111 1111111 111111 1111111111111 11111111 (11111 1 1111111111 1 111111
-11111111111111111 111111 1111111111 11111 2111111111 11111111111111111111111
-11111 111111111 11 11111 1111 111 ’1111111111 1111111) 1111111 111111 111111

11 1111111111

 

