0011010111. 123

0000, zo 1111100101 111 1000001001000-1 11010000101010, 001010 011110010ηο
10101000 1 ,11000 8101.“- 10 1111 1111111001 011 011110011110010 1 0101110010
1000101001000,01 1011100100010110010 1001011000, 110100 z 11010 1111011011
110100000101000010 101010 0110101010 101011111οό (Tomoe). 0010100100010-
100010 do 01010011, 0001161 00101 0010110ιο 1010110 0110010111, 011010 001000-
11000, po 01111010010 1010 0110101010 01 analogii 1 1111 010110110 00 101 1010-
111001010001010. 0110110110 10101 11110 111101000, 010 1 0001011110, 010001110
101100 1101οι110 (110. Leges Α. Ζ, 011. 93). 101 1 r. 1641 111 0101000100 111010-
111 (Ar. Kon. 1.. 101. 115, 101. 09 1 60). W r. 1653111101οΙ 111110 (Act. C. Z.

101. 1). W r. 16691101000101010 0. Ρ. 11-11 1111010101 1010 0110101010 010-
10001111. Ar. 10.Ζ.,11011011101ο101. W 01010011 00010101 101101110 011011,
11111101010 11101 11110100100 10111010, 0 10101110 10100 01101101οη0 00 00
101 00010001 0101010010 (110. Album 0100010111 11). 3101 011001
011101 1 00101001 01010011 1 11101 0101 dobro. 311 100110111110010 011-
10111-1000100011 1100010116 1010101 111001011001101 1101 0100116101110110-
10. 1010 101101 0101100111 1011111 10 11101010 0010101010000110. 00101110-

111 0100011110 01111110] 10111011101001 101101110 0001101010 0111111010 0110-
110010110, 1 00101001 01010 1110010010 0011010010 0011001 01010011 1000101101,
0101 0100100110 0101001100 1010010110, 1 1110101ἰο 1. 261101000101. 1669.
W 110 0111111010 0011001 1001 1101001011 „Nobilis 00 01011100 30011100 11010-
0101. 1. U. 01 Medicinae 100101000100100 10000000010 1111001010 serenissimae
Matris 0001100 Ηο01011101100, 0111001100 1. C. Professor, Generalis 310111 1100101,
8001010000 01 100101101100100Νο01010111001100“ (100110 01101010 0111111010).
11011001101001 00110100 1110110101 011 010 611 110011111010, 0100010100
01100, 01111 101001 0010100100 010 1 111011 110000 0111100101οο, 1110101110
110110101 000 010 011101. 200011 111 1Κ1101100, 1010016100. Ζο 110101001-
010 11010 0100 110101 0000111101001 1101100 01100101 (1011010100 31111011.
1. vm, 011. 216, 252, 258, 231, 211, 230, 181, 293, 306, 311, 332, 339, 346).

⁶) 100210100100-1111.0106. 810101101111, 100. 10001011, 1000010001
1001 1 0111001 10011010101 01 1. 1656 -1659 (11010 0. Ζ. 101. 11. Β11 1000100
10000010010001011 1101011 1101011010 Wojclooh 21010010, po 111110 100101
1 1. 1653 0101000100 1 8100110100. 00101001 010 00 001010 0101011. 1641
10110 0101000110101111 (Ar. Κο00. L. 101. 1111101. 6011 01643101 010 10 010·
00 0101000111 010 10110101.

⁰¹) 11001010 001010 1 r. 1641 0010100101οε 111000000 Baptista 010010-
1100 0000000 Professor (Ar. Kons. 1.. 101. 115, 10159160). 101011-111101.
1 11000011010. P. 10010100101001 01 01010011 1000101101,100111001010101010
10 11101010 1. 1652 00 0010100110 10110111011011011011011011011011010011
010100101101 0101000101 (11001. 0000. R. 00110. 001100. 10 10010011010011-
000. symon. 1890 -- 1391, 011. 42 1 43). 110111 010 1 01010011110110101101,
01 1000101101 111101010001110 1 1110101110 (Tomoe). 8010100111100 0111011·
00 01001 101 11 1010010 010000101010, 10110100100001 010101 0100 0111100-
010 011111 1 00010011001001101 0001110000 0110110. 11001011 1 111110110110-
11011111111101011010100. 1100110 do 1010, 10 0110101 01010001011011010011
10111018101010011,011010103110101011, 100 0000101 l 101001 0001010111,
01101011 00110010 010 0110110111110110100011000101Το010, 011. 50). 01110111
00111110 1010011011011101 wo 11000010 1. 1652, 11101010 1001001101 101101, 100
0100101011 0101000101010011 1000101101 1 1001110011,1001001101101 110001 101-
0110 010 0000010101100 011 01101001, 000001οΙ1 go 011010 1010οκ 0100110100

 

