270 1111111111.

11111111111111 1111111111] Ι 1111111111 111111111111111111111111111111111
11111111 1111111111 1 11111 1111111111. 1111111 11 1111111111· 1111111111 1111111,
11111111111111 111 1111111 1111111 1111111 1111111111 1111111111. 111111111111,
111111111 11111111, 11111111111111111 1 11111111111111111111111111111 1111
1111111111 11111 11111 1111111111111. 1111 1111111111, 111111111111111111
11 111111 wlsi, 111111 11111 1111111111 11111111111111, 1111 11 1111111111
11111 11111111, moeno 1111111111 111111 1111111111. 1111111 1 1111111111 11-
11111111 11111111 111111 11111111, 111111111 11 1111111 111111111111 1111111111
1111111111111111111 1111111. 111111 1 11111111111111, 1 111111 11111111-
111111 11111111 1111111111, 11111111 1111111111 1 1111111111111 1111111111, 111
111111 1111111111 1111111111 11111111, 1 11111111111111· stopie 11111 11111-
1111111111 11] 1111111111 11111111 11111111 111111111111111 111111 kapitulo.
111111 11 111111 11 11111111111111111111111 1 1111111111 11111111 1111111111111
111111 1111111 1111 11111111 11111111 1111111111111111111111111 1111111111
1 11111111 1 11 11111 1111111111 111111111111 (Aeta C. Z. vol. ΙΙΙ). 111 11111
1111111111 1 11111111111111111111111111111. 1111111111 11, 11111111 111111-
1111] 11111111111111 11111111111111111 1 1111111 1111111. W 1111111. 1181
11111111 111111111 1111111111111 1111111 11111111111111, 11111 11111 11111
1111111111 1111111111, 11111111 1 1111111111 1111111111 1 111111111111111111111,
1 111111111111111111,111“11 1111 11111111 111111111111, ,11 11111111 1111111
11 ultimum 11111111α (111111, rkp. 11111 Ac. Conv. vol. 113 1111111111 111111-
1111111 1581. 11111111111111 powodu 11111111 1111111111 1111111111 1111111-
111111, 11111111 11111 1111111. 11111111 1111111111 11111111,111111 111111111
1111111ίὶ 1 11111111 1111111 1111111 11111 1111111 11111111111111. 111111111111111
1111111 1111111111 11111 11111 1111111111,11111111 1111 1111111, 1111111111111-
11111 jej 1111111111 1 1111111 11111111111. W 1111111 1 1111 411111111181
111111111111111111, 11111111 1 11111111 111111 1111111111,111111111 1111111-
11111, 1111111111 1111111111 111111 111 po 1111111111 1111111111 1111111111
1111111111111111 11111 111 1 11111111 1111111111111111111111111111111111,
1,111111111111 1111111 1111111111. 11111111 111111 111111111, 1111111·
strzegal 111111111111 1111111111 1111111111 11111111111111111111111111-
11111111111, 1111111111 11111111 1111111111 1 1111111, 1111111111 111 11111111
111111, 111 1 11111111 11111 1111111,1111111111111111111111 ,1111111111-11-
11111 1111111111 1111111111, 1 111111 1 1111 111111, 1111111111. W 11111
1111111111 1 1111111 1111111111 1111111111 1 11111111111111 111111111111111.
Aeta Ae. conv. 11111). 111111, 11111111111 11111111 11111111111111111
111111, 1111 111111111 1111111 111 11111111 1111111111, 111 1 111 111111-
11111111. Ton 11111, 11111, 11111 11111111 111111 11111111, 11111111 1111111
1111111 1111111111 1111111111. 1111 111111 1111111111111111111111111111
11111111 11111111 111111111 1111111111. 1111 1. 311111 1. 1181 11111111
1111111111 1111111111111, 11111111 1111111111 11111111111111 1111121 Ι 211
1111111111. 11111111111111 1111111111 111111 1111111111 1111111111 „Cursus
praeparatura& 11111111111111111111111 1 1111111111, 1111111111 1111111111
111111111, 1111111111 11111111 11111111111 1111111111 1111111111. 11111111
11111 11111, 1111111111 111111111111, 11111 11111111111111111111111111111
11111111, 11111 111 1111111 111111 11111111 111 1111 111111111111 11111111-
1111. 1111111111 111111 1111111111 1111111111111, 1111111111 11 1111111. 1111
Ac. Conv. 111. ΙΙ). 01111 1111 111111 11111111 1111111111 111111· 1111,
1111111111111 11 111111111111111111 1111111, 11111111111111. 11111111

 

