mmmm. 131

11111111111111111 1111111111 11111111111111111 111 1111111111 11111111, 11-
111111111 1111111111 11111 1111111111111 1 1111111 11111111 11111111111 sig
111111111111 1111 1111111111 1 111 1111111161 -111111111111 Im 111111.
111111111111111 1111 11111101, 11 11111111,1111111111 sig 1 1111111111
Ich 111111 1 1111111111 111111. 0111111 111. 1609, 111 w 1111111111 11111111

111 1111111111 1111111111 11111111111111111111 1111111111111111111111 1111· ⁴

1111 1111111111 1111111111 11 1111111111, 111 1111111111έὸ 11111111 ich do
1111011111 1111111111, 11111 11111111 11111111 111 1111111 owe 111111 11111111-
11111111 1 11111101 111111 1 1111 111111 1111111111 1111111111111] 1111111111
1111 1111111111. 0111111111 111, 1111111, 1111111111111 1 10111 0111111111
z 1111111111 1111111111, 111111 1111111111 11111111, 11 111111111111111 hylo,
co 11111111 11111111, 111 11 11111111 1 1111111 111 1111111111 111111111-
111111 111111 1 1111111 1111111111. 1111111 1111111 1059 1 1088 1111111111
111111111 1111111111 1 samuch 1111111111111111111111111111111111111·
11111111 111111111111 1111111111 11111 11111101111111111111111 1 111111 111111
xvn 1111111111
1. 11111 01111111 1111111111 111 w 11111111 XVII w. 11111111 111111
111η 1111111111111111 1 111111 111111111111 11111101 11111111
1111111111 1111111111 11111111 11 1111111101 1111111 1111111111 111. 2000
2. 2111111111111111 11111111 111. 10000 11 11111111111111111111111-
111111-1111111, 1 11101111 11111111 11 01111 1111111111 1200011111·
1011140001 11 11111111 311100 111- 11 11111111 111111 111111111-
111 1 r. 1601111111 11111111 .............. 111. 2540
3. Ζ 111111111111111 11111111 11. 1000011111111111 8111111111, 1 11101111
11111111 11 11111111 110001 do akademl 39‚090 111.,11 11111111 111111
111111 11 sta, 1111111111111111111 ........... 111. 2130
4, 21111111111111111 1111111111 11 1111111 11111111 11111111111111111-
111111 1 1111111111,11111]111111111 1 1111101 11111111111111, 8111111111-
1181111111111311111 111, 11011111 111111 suma 1111111111 1130000
111, 111111 111111 1111111111 111111 1 1111 1111111111), 1111111111
1111111111 11111 ................... 111. 2100
5. Ζ 111111 11 11 111111018111111Ζ11111111111,11111111111 111. 101111
1 1111111111 na 1111111 os'm 11 sta, powlnno 11111 1111111111 1111-
111111 ...................... 111. 000
6. 211111111,1110111111111111 1111111111 11111111 1 11111 111 111 11111-
1111,11111111111111 11111111-1111111 11111111111111111111 . . 111. 100
0101111 111111 111111 111111 11111111111111111111111111111111111111
po 11111111 1111111111 1 11111111, 11111 11 11111111, 11111111 111
11111111 ..................... 111. 10210
Ζ tego 11111111111111 1111111 1111111111 1) 1111111111 1111111101 z 11111111
1111111111 11111111, 1 1111111111 111111111111111,11111111111111, 0111101
[11111111 11111 11111, 1111111 1 111111111111111111111111,1111111 1111111111, 11111-
1111111, 11111111 11111 1111111, 1111111011 0111101, 11111111 1 11111111, 11111111
21111111111111111111111111111] 11111111111111111111 11111111 1111111111·
ij 811111111111, 11111111 011111111111, 11111 111111111111 8111111111,
1111111111 111111111111, 1111111111 1111111111 8111111111 3111111111111101 1111-
11111 8111111 2111111111, 1111111 1 11111111 81111111111111111,1111’111111-
11111101· 11111, 1111111 1111111101 1111111111,111111; 4) 11111111 1111111111
barse 8111111111, 11111 1111111111111111111111111, 1111111111 1111111111-

 

