1111111111. ’ 01

111. 321-311). Buram 1111110111 11111 na 1111010 1 0111111111 0111111101
01111111 1111111 11111110 w 11101111111 11011101111101 11101 1111010 101111101·
0110011111. 11111 1101011010101 1111111 11011111 1110111011, 1110011011, 1 110·
11111 1011111100 1111101 11111 1111011011 11111011 101010111111 111011 11011
1604 (11. 11011. L. 101. 106101. 89 1901111 101 0111οό 1111110111 1111 01101
1110110101 1111111110 110111, 1111111111 1 1. 161011011111111110101 11111011110
110111010 1010011110 (111. Album stud. A. Z. 101 Ι 111. 061 57, 1111011 110-
1110111). 1111011 10 11111110 1011011111 1110 151110101. 1611 (111111 101. Ι).
11111111011111.Ρ111101011111 1 1111110 111001 0 11111111 11101 111110010·
1101. Ρο 01110101 1101111110, ,101101 10101 1011011110, 111111 11111111110100
8111111101, 110101110101010101 10110110110, 10 1101011 1111111111 101111 1110·
111101 11110111011111111011110101, 1110 ,11100111 1101012 8111101 Β11101111,
11]. 1 Mod. 111-00111 11010 111 1101011, 10 1110110 11110101 1011011, 1011101111
11101110101, 11011101 na 10110111110, 001011 1010111ἱο 1111011 101111011011011
(1111. 101. Α. Ζ. 111. 09 1 70). To 01111110 110110 101010 1111 01111101 0111111·
100 11101 1011111111111.1. 1110 14 101110, 11010 101111, 110110 11110111111
na 110110101110111011,1111011 1111 ,1110111111 I„ Z.“ — 111111011101011 101111.

⁰) W 101111110011 1010111101, 1 1011101110101 1101011011,11011111 11.
1010 11011010, 10111 001111111011011 110111111 1011111 1 1111110101 1101010
101111 01100 11111110111111111011011101111101110110, 111011, 1 110010 10-
101011 10110 101, 101 01111 1011011111,11010111111101 napis: ,Ρ1101 0011111011
00110111, 110111, 1101101110111, 0111011 1111001011 S. 1111101101, Sacrae 1100101111 111·
1111011111111101 11 Alma Academia 1010101111, 01 11110111110 80111 01011011·
010 Professor. cumin 10 munero 111110111011 110110 0011111100 10101101101-
11111, 11110001110 11011111, 01111110111,010101111111101111111011011110110011111,
1011111 1100 Immaturae, 011111 111 10 11111,11111011110101 0111101111οο Aede
8101011111. D. D. 101111 Ζο1101111111101 Ρο101100 0010001110 11 Duce 111010.
Max. Patrono 100 conditus 011, 111 2811011 01101. 1605.” 11001011 11101011·
0111111 1 01001 1011011011101101, 101 011101111111111101 1 1011, 1111101011·
0111 10111011001 11111111101, 111101 01010111 1110111101 11101 1111110110 VIII
r. 1594, 1 Ζ11110111 III r. 1597, 111111111111011011111111011011011111111011·
1111, a 110001101011110111111 1110101 1110 28 0101101 1. 1604 11101 11. Do-
1111111 1101011 110011 11101 ,1101101101 010010111” 111111010, 1 ,0110110101
001100011010”, 011101111010. W 0111011111111. 00111111 1110111011111011110
0011010111010111, 011 1 1111111101 8111111110101101, 1001011111 1110 211101·
111110, 1011101111110111101011 1111001111, 0111 1100111111111110010111100110·
rem 11111 11101 11110110110111111 1111010110 0111011010 (11. 11111).

⁹) 111. 110101οο1 10111011, 1101110111110101111111, 111 1111111111 1111010
11101 11101101010 1010100111 10111011010 80101111111011 1011011101111110111101.
Ρο 111011111-111010010, 1111010 1011010 1 10111110 1110111111. 0111111111·
1110 8101111101, 1011111111111011111, 1110111 1101 0 110111111111011011101111
1110 10101011111011, 111101 11111 1111101111 11101 1111101101 1011111111 1111·
1001 1111111011110 1010101111011 111011111011011, 11111 011111111011010 10·
11110011 101010111001101 111 1110111 1111010111. Na 00 0110111011 111111111,
100 11111 110111 1101111 10 11101 1110111101 1011111110 (111. Lib. 100111 111.

s 51151). 111101 101100110111 11 0011100101 5, 10110100111111111010,1011
’ 11111 11110180101111111 1111110111 0111101111. 111111 1111111 1010010111111111,

1110111101101110 10110111 11110110110111. 0011110 111101111101101101 Bu·

³ 10111111110;1111101 1011111 111, 10110111110110101 10110111 111. 11000111·

0 11011101101 01110111 2010111111. 7

 

