1114 1111116111.

16161611111. 1642111616161161166-111161611611 1161611116116161161 (Ar. 11616.
L. vol. 116161. 3141.

“I Β1111116 111 1116111611 11111111 11111111 1116 1111. Lib. 166111 611.
³7). Ι1161 autorem 1116116 ,Ρ6111616616116 11611. Ζ61161611,“ -111616616116
w 1111161611 1. 1617 (1611616161. 1111116111. 1. VIII, 611. 162. 1616116 1611 616
116161 6616111161111.

¹⁸) Ο 11166166161 611111661111611, 11161161 6111616161 6111 1 1111611161
1611116111666 116 161616. 6111111616 16 61, 11161116, 16161161 1 1116166, 111611·-
116116, 6 11616 1116111 w Ρ61161111. 1620 u 116116161111611616161. 11111611. 1. vlu,
611. 1731.

¹⁸) 116 11161661 1161616616 Ζ16166111, (166161 Τ111161166 1661111111 1116111
analogii 16 1616111 1661111 1161811111). Lib. docum. 611. 31). Β11616 11116 6111
161 6611111616111. Na 11161111611611661111161116 16611, 1111611166 16111111 1116
2311161111 1. 16211111 professorem 16161111. 6111616166 61661116 w 1161661 16-
11161 611161161161. Ρ1161 11161611, 1616111611 666111 161161111161111111116-
11161 1611161 1611661 111). 109 1 6111111611, 11111161161616116661111161
legat 111 11161 611 „Summa Τ1111611111“; 1161661116 61111 6611111 116111116111611-
11 11111166111111 6161611611 1116161111 111 616111616116 16611611 666111 166111·
61161616111616161111,8161161611611 1661116116116 1116661116), 611 16 61116161
1116116116 16 6111161611 6616111116 6116611 16161111616116 11661 116166616111
16161111 1111. Leges 1 Ζ. 611. 76116). 1111111 tego, 66 11661 1116161616111,
111116616116 1161661116 po Τ161111111616 111616 w 1116116661, 6 611616 1111166116
1161161611161111616 w 1116161111, 11111116111116161116, 11 11611611661661616
111611. 1666 1111111 16 1116166116 16 Ζ61161616 (Ρ1111611. 1. 111. 1616111
611. 299 I 300).

¹²) 11611 11116161Ρ6161111166 1161161116 16161616 1636, 6 1661111116 po·
1161116161. 1639. 216116 1611111111161 611 6 1616111616, 6116 An·
111611 Ρ16111ο661111 1611161 11116116111616116161116161611.

¹⁸) 6111616111 1661611111 11116611111661161, 6111111611166161 1616111116
1116 24 61111116 1. 1622 111161 Μ161616161161611616,1161116 61611611616111.
116161. vol. 108, 611. 66). 2611161611616111 w r. 1621 1611161616 1666 11166

’ ,16161616161611611111 I 11116616 16 161611 11616611161. Ρ61616111, 111116 ko·

16161116111 6111611611 11611161 116111 1161 1616161. Ρ1166 16111616 11611116
16111116111611 16111616 1116611 16 6111611111 (rkp. 11111616 161. Α. Ζ. 611. 191.
Β11161611111111 1616111611, 11611 w r. 1639, 111 po 11116161 Τ6116616 2611616116-
go Kaualena, 616161616116161161661161616, 161116161616 16161611 86116-
11161611616, 111111 1116111116 6161111111, 1116161-1116111 1611616111. 1116111
6116111 1111611616 61111116, 11166111 7611616111, 1161161111 11611611, 161 116-
16111 1111116161111 1161611611 Τ1161616116111, 1116111661 161. 6161116116-
11116161111166116161611 S. MlkoIaja w LuinnIe, 1161111 1161661661 1116-
161111 Ζ6116161161. 1161111116 1611111116. 0616161161 Ζ61111616, 1161616111-
1111. K. 11616111 1161116611161611111111616, 616 16 6611 611611 161616
111616, 161616 8161161116, 16161116 11611. Ζ111. 1 1661161616 w 1116161111
1116116611. 1611111611 16161111, 6 6111116111 1116 4111661. 1639166161 11611116-
66111611161116-11111611 (Ar. Kons. L. vol. 111, 111. 446 I n.). Ρ66161161116
161116161616111116616161 1 11616 111161 11611116 6116 1111111 1611611616,
161616161611611. 5116111611611.16161611616111 61611161 S. 11161616 1111- ’
1161161, 16161616 11161 1161161116 11161616-11111616, ks. 1111111611 111111-
611616, 16 1616616116 111116 11 11661 11116 111116 11111161 16116166, 811661-

 

