1111111111. 197

11111 111111110. 1111111 11111 1111111111,111111111111111111111111 111111
111111111111111111 1110110111 11111111 1 1111111 11101111111111 1111111111
110111010111 1111101111 11111111, 111111 111 1111101110111111111111110
0111111111 1111101101011 111111 11011. Rogata 111110111111111111111111
11 1111111 1111111111, 11111011 111 11111, 1111111111 1111110 1111110111111-
1111110. 11111111111111 1111, 1111111 1111111 111111101111, 01111010 1111111,
1111111111111 1111111110, 111 11 111111 1611111 1111111. 11110 grona 0111
111111101111, 1111111111101111 10 1111110 11111 11111, 111111 11111111. 11-
11101111 1111111111 1 10111111111111101111111 111 110111111, 111111111111111
111101101111 1111111 1111111111 1111111111 111011, 11101 1111 10111111,
111111 1111 11111 1 111111 111111, 1111111 101111111111111111111111, 110111
111111011111111 1101111 1111111111111, 10111 111111111111111111111111111
1111111111 1111111 111111111 21101111111, 1111111111111111111110111111-
11111,1111111 1111111 1111111111111111 ,1110 1101110111 1111101111111111·
1111 11111111 11111111 111111111111, 1 1111111 1111111 1111111111, 11111111111
11101011 111 111 1011; 1110 11111 1111111111, 10 11111111111111011111ς
1111111111 11111 11111111 11111111 1111111 1111111 111 1101011011 1 0111111111
11111, 11111 11111 111111 11 1111111 1111111110111, 11111111101111111
1110111111 1111111 1 1111111111 11111111111111111;1011111111111 1111111-
1111 11111111 111111.“ (1111111111 Η111. 11111111111111. 107 1 108). 111
11111111, 11111 1111110111 1011111111110111111111, 1111111111ἑὸ 11 111,
1111111 1111111110, 111111110 1111111 11111 111 11110111111. 1111111111
111110 1110111111 1111111111 1111 1111111111, 1111111111110, 0111011111-
111111 1110, 1111111 1 101111111111110111, 1111 101011 11111, 111111 1111101
1111. 11111101111111110111 11111111η111 1111 11111111111-111111 1111111111-
1110111111111 01111111111111111111111 (11111111. 1119). Ze reforma ta
111 10111 111 1111101111, 111111 10111111 11111111 11 1101111111111111·
101111, 11111 111111 11 1011111111. 11111111, 111111011111111 11 1110111, 11-
1111 111 110111 1 10111111111101111111 111111 1111111, 1 11111111 ,111 111110
1111 111 11111, 111 1111111ό1“-111 101111 11111 11101 (11111 111. 110). ,

’ 1111111 111011101111, 111111 1 011111101111 11111 1111111111 11 sali
1011111111 111111111111 11Ζ1101111, 1011110101 1111111111 1111111111,1111
3111111111111 1. 1746, 101111110111111 0111111111 11111111, 1 111111 111110-
11011 1111 111111111111 111111111111 1110111, 11111111111101111111111111,
1111111111 111111011111, 111111111, 11111111111 101111111111 11110111111111111
11011111 101111101111111111111111 1111 1111111111 1 11111 0111 11111-
1111111. Ρο1111 1111111111 111111 111011111111, 111111111111 1111111111
11111111 1011111111 10111111 11111111 11 111111 1111111111, 1 111 111111 11111
11111111 (0111111 1110111). 11111111 11110111111111111111111111111101111
110111011 11010111 101111101111 1111111111811101011011, 11010111 11101111111111
(1111111111 11011111111111 1111111011 Κ11111111 1 0111011, 11110111 1011111111
1111111111 111101111110 110110111 1111111111 11110111, w 101111101011110-
111111 11 111111111 1111101111, 1111111010111 11111 11101111111111111111 11111
11111 1111011 11111111. 11111111 111111 111111Ι 11111111 11111101110111011111
110111011 11111 111111111110 1111111011 110110111 111111111111181111111110
(1111111111 11111111111 1111111111 1110101111101,11111 1111111111 11 11111111
1111111111111111111111101111111,11111111101111011111111111111011 1111101111,
101111011111 1110111110 1111111111101111111111 1110111 10110111 11111011-
011110. 11111111 11111111 111111 1111110 11011111111111101180111111,

 

