162 1111111111.

11111111 1111111 111111111111111111 1111111 na 1111111111 11111111, 1111111
1111111111, 1 mimo 1111 1111111 11111111111111111111. 1711111111 111 11. st·
korskl 1111111111111111 w 1111111111 1111111111-111111111111111 1111111 11111111
111 11 kapitula 1111111111 1111 161111111111. 1708. 1111111 11111, 1111111 11
1. 1704, 11111 1111111 111111 1 1111111111 1111111111111111 111111111. Ι 11 161-
11111111111111111111111111111111111111111111, 1111 1 11111111 111 111111
111111111111 1111111 111 1111111111. 1111111707 111 1111111111Μ11111·
111111 11 Mars 111111111111111 1111111111 81. 1111111111 1 1111111111111111111
111111111111111111111111111111111111111 1 Τ111111111, 11111111 1111111 11111111
1111111111 1111111111. Walka 11111111 1 1111111111 111111111111 1111111111

111111111111111,111111111111111111 111 11111 111111, 11 1111111111111111·
11111 1 111111111,11111 111111111111111 1111111111 11 111111111111111111
1111111111 11111111111, 11 111111 111 11111 111111 ο1111111111,11111111’11111

1111111111111111111111111111111111111111111 1 1111111 1111 1 1111111161
11111111. Β111111111 11111111 1111111111 1 111111111111, 11111111 1111111 1111-
11111, 111 1111111 1111111111 11111111 11111 11111 11111111111;11111111,
111 1111111111 1 tego 1111111, 111111111111111111 1111111111 1111111111 11111111-
111111,1111111’1 1111111111 1111 1111111111 1 1111111111111 111111, 111 to 111 1111
1111111111 1111111 1111111111 w 111111 111111 1111111111, 11111111 1111111111-
11111111111111, 11111 11111111111, 1 1111111111 111111111111111 1 111111 111111-
111 11111111111 1 1111111111.

8111111111111111 1111111111 11111, 1111111 1111111111, aa 1111111111-
1111111111111 111111. 01 11111111 11111111 1111 Sobioskiego do 111111111111
11111111111111, 1111111 Ρ11111 11111 11111111 11111,11111 1111111111 11 1111111111
Jaoa Kaztmtorza. Po 11111 to raa 11111 1111111 1111111 1 11111111 11111 111
111111 111 1111111111 11 11111 111 11111111111 111111111, 11111111111 11111111,
11111 1111111111, 1 11111111 11111111 11 111111. 11111111 11111111, 1111111111
11111111111. 1708 do 1711; 1 11111 111 1111111111111111111111 1111111111
111111111111 111111111,11111111111 1111111111 111111 1111111111 11111111111-
1111..111111 1111111, 1111111111111111111111 11111, 1 11111111 1111 1111111111
1 11111 111111111, 111 111 11111111 1111111111 1111111111111111111111111111 Pam
1111111111111111111,,1111111111 1111111111 1111. 011111111111 1111111111 1111
171311111111111111 1 11111111111 11111111 111111 11111. 115 1111111, 111111
1111111111 1111111 1111111111,11111111111 111111111 1111111 1111111111 111111111-
1111111 1111111111. Zall 111 11111111 11 111111111111 swam 111111111111 11.

1713, 11 „propterquam calamitatem tam 61111111 quam Professores 111 11111111 ·

partam proventuum 111111111111. 111111Ι 111111, 11 1 1111111111 1111111111
11 1111111111 111 1111111, 111 1111111, 11 1111111111, 111 11 111 111111 111111.
111111 1111 1111111111 11111 1111111111 1111111111 1 1111111111 1 111111111111111-
111 1. 1674-1689, 11 111111 11111111 stolo 111 1111111. 1111111 11111111111111
11111111111111111111111 1111111111. 1111111 111111 11111111 111111 11111111·
no. 111111 111 11111 1111111111 spis protosorow akadomit 1 ,1111111111-
111“, 1111111111 w ostatntoh lataoh 1111111111111111111 11111111. W 11111111
1111111111111111 111111 1111111111 81111111 11111111 11111111 1111111 kooteoaooto',
1111 1111111, labo 11111 1. 1694 1111 11111111 81111111111111 1111111111111·
blo, bo 111 za 11111111111111111111111, 111111111111111, 1111111 to 11111οέ111
11111111111 8111111 Sw. Mimo to 11111111 1111111111111111111111111111,
1111111 11111111 1111111111 1 1111111111111111 1111 11111111 111 1111111111.
11111111-11111111 1111111111 111111 111 11111 11111111111111111111111111111.

 

