244 1111111111.

1111111111 [1111111111 1111111111 1. 1800 11611111 11111 111111. Caes. R.
0111. 111111. 011111111111 111. 011111. 811111. 1891-1892 111. 1711176).
Μ111 11111111111 1111111111111 1111111111 11111111111111111 1111111111 1111·
111111, boguta 111111111111111111, 1111111 11111111111111111111111 1 11111111
w 111111111111111111111,111111111111,1111111111 11111 1111111111 1111111111 na
1111111111 11 01111, 111 11 11111111111 111111111111, 1111 11111111111111-
111111, 1ο 11111111111 1111111111, 111111 11111111 1111111111111 1111111111.
111, Μ11111 0111111111, 111111111111111, 1111111 110111111111111111,111111
1111111, 1 1111111111111111111 1 11111111 1111111111, 1 11111111 1111111111 1 r.
1763 1111111111 11111111 111111, 11 111111 111 1111111111 1111111111 11111-
1111111111111, 1111111111 11111111 110111111111111111111111111111111-
111111111. 1111111 1111111111, 1111111·1,11111,11111111 111111111111111111111111·
11111111. 1761 11 1111111 1111111111, 11111111111111111, 1111111111111-
11111111, 11111 w r. 1763111111111111111 111111111111 111111111111111111111
111111111111. 17111111 111111111111 11111111 1ο 1111111 1111111111, 1111111
01111111111111, 11111111 111. 11111 3 111111 1. 1701111 11111 111111 1111111111
11. 1761, 1111111 1111111 11111111 1111111111 1111 1111111111 11111111. 111111
111111111111 1111111111 17721. 11111111111-1111111111111111,11111111 11111-
11111 1795, 1111111111 1111111111 1799. 1111111111 11111111111111111111111 111111·
11111. 1111111 8 11111 1. 1803, 111111111111111111 Sw. Μ1111111 1 01111,
„Vitae exemplaris morumque honestate gravitate conspicuus 11111 1111111111
111111111111111“ 1111. Acta Ac. 0111. 111. ΙΙ; 111. 111). 111111. Sem. 211111. R,
01111. 111111. 01 1111111111 011111. symon. 1891-1192111. 170, 171, 176, 177).

¹⁸'J 1111. Acta Ac. 0111. 111. 11; 111. 11111111. 11111111 Ar. 11111. 11
111. 134. 111 1 1. 17611 11111111 1111111, 1111111111 1111111 111 111111
1 1111111111 111111111111111111 011111111111 1 111111 11111 1111111111, 11111
go 11111111 11111111 1111111111. 11111111 111 11111111, 1111111111 11111 1 1.
1714 11 111111111 8111111111 Augusta, 1111 1111111 11111111 1111111111,
1 1111111111111111 1111111111 1111111111 1111111111. 01111111, 11111111111111
111111 11 1111, 1111 11 1111111111 1111111111111, 1111 1011111 1. 1769 11111111,
1111111111111,111111111 1111111111 11111111 1 1111111111, 1111111111 11111111
1111111111. 11111111111 111 11111111 1111111111 111111 1111111111111. Ζ1111
111 111111, 11 1111111 1111111111 11111111111111, 111111 11 11111111111 1 1. 29
111111111111, r. 1710 11 1111111111 1111111111 1111111111, 111111111111111111,
11111111 11111111 111 1 1111111111 1 1111111111111111 1111111111 1111111111111
111111111111-111 1111111 1111111 111111 111 11111 111 1111111-1111111111, 111
1111111111. Ta 111111, 111 1 1111, 111111, 111111111111111111. Ρ1111111
1111111, 1111111111111111, 1111 111111111111111 1111111111 111111 1111111111
1111111111, 11111111111111 11111111 1111111, 11111111111, 11111111111111111111
,111111 11 1111111 1111111111ιι 1111111111111111111011111111. 1771111111111
1 grona 1111111111. 1111,1111111111111 1 111111, 1111 111111111111111111111·
1111111111111111111111111, 111111111 1111111111 1111111 go 1111111111,
111111 1111111111 1111111111 111111, 1111111 111111111111111111111111111111·
111111,1111 111 1 1111111111 1111 111111 sam 111111 1111111 1 1111111 1 1111111111,
1 1111111111 1111111 11111, 111111111111111111111111111111111111111 111111.
1111111 1111111111111 111111 1 11111611111111 1. r. 1111111111111111111111
111111111 1111111 1 1111111 1111111111. 1111111111111 1111111111111111111,1111·
111111, 11 11111111 111 1111111111, 11111 1111111 11111, 1 11111 111111 111
1111111111 (1111. Aeta Ac. Conv. vol. 11; 11111111111111111111. 11111 1111111111.

 

