1'.

Tainer Mikolaj Ludwik, 111. 44, 135, 150, 151, 152.

Tepper Walenty, str. 65, 218, 247, 272, 275, 291, 297, 301, 306.

7111511111 Jan Aleksander, 111. 23, 55, 58, 59, 194, 201, 204, 207,
208, 220, 225, 226, 242, 249, 274, 275, 285, 295. >

Τ11611ον1116111111, 111. 38, 104, 107. ’ ’

Turski Mateusz, 111. 37, 101. “

Turobojski Walenty, 111. 39, 104,108, 109.

71111111811111111111.40,112,117. ’ ’ ’

Tuszowski Walenty, str. 45, 156, 157, 158, 176, 260, 264.

Τ1111111111 Szymon, 111. 42, 125, 157. ⁴ ⁴ ⁴ ’ ’·

,1
U ψ’. '
1 ι. ,ι . ,
0 ι’ ¹ ι

111101111111,111. 11, 111, 1111111111, 1111111111. ἰ ’
Ursinus (Niediwiefizki) 1111111. 33, 36, 74, 90, 91, 281, 310. ’ Ι

W· ‚ .
Wagner Maciej Franciszek, 111. 62, 233, 238, 239, 247, -,275 290, 206,

297, 300. .

151111111111111111111111.11,18, 60, 65, 70, 178, 218, 229, 230, 231,
232, 251, 274, 275, 286, 289, 290, 291, 293, 294, 299, 302.
97111111111911111111111111148,165,]66,173,174,17.,5 185,186,

193, 249, 285.
071111111111. 9711111111 5111111111, 111 66, 248, 306.
Weso10wsk1WoJc1ech 111. 45, 155, 156, 169. ¹
Wegier 16111, 111. 53, 54, 57, 203, 204, 295.
3711111111ὲί 8111111111, 111. 41, 122.
Wielkowicz Michal Adam, str. 43, 119, 149., ,
Wierzbowski 11111, 111. 54, 206.
Wilk01'1ski Krzysztos, 111. 40, 117, 118, 119, 120, 122.,
07111111Μ111111111111111,111. 43, 121, 148, 149. ·

Ζ.

21111151 Blaz'ej, 111. 37, 100.

Zagajski Pranciszek, str. 51, 181.

Zakrzewski Ignacy, 111. 67, 248, 251, 307 .
ZielonkaW0j01ech, 111. 37, 102, 104,123. Ι
Zielonka 111, 111. 41, 123.

 

