IV.

1111111111 1111111111
1111111111, 1110 i IIII.

———

l) 8111111 811111111111 1111111111 we 111111 111121Ρ111111111111111
15111, 11111111 1111111111 111111111, 1111111111111111111 1111111111. Po-
1111111111111111111111111111. Ζ 111111111111111111111, 1111111111 1111111-
1111, 1111111 1111111111111 1111111111 11111111 1 1111111111111111111 1 111-
11. Za 111111111111111 1111111Ζ11111111111, 11111111 1 1111111111 1111111111,
Ζ1111111ΙΙΙ 11111111111 go 11111111 111111111111 1111118111111111 1. 119111-
11111 111 herb „Kossciesza” 1 11111111 ,Β11111111”. 11111111 111111 tego
11111 111 111111. 1111111111 11111 Ζ1111111 III 1111111111 11 11111, 1111111
,11111111111.” Wslawionego 11111111111111 1111111111 1111111111 11111111
11111111 11111 111111111111 .11111111111111.” 111111 1111111 1111111111· 111111-
11111111111111 11111111, 11 1111111 1111111, 1 1111111 11111111, 111111111
11111111 11111 1111111111111. 01 1. 1593, 11 11 1111111111.16211111111111-
11111111211111111111 1111 1111111111 11111111111 1111111111 1111111111 11111·
111 1111111111111 1111111111 1111 1111111111111111 ten 1111 111 111111-
111111 1111111111 11111111111 1 1111111111 11111111 1111111111 11 1111111111
1111, 1111111111 111111111111111111 1111111111111. 11111111, 111111111111
1111111111111· 11111111 11111 1111111111 1111111111 111 1111111111111, 11111
1111 1111111111, 1111111111 1111111111 11111, 11111 1111111111 111111111111
Τ11111111111111 111 1 11111 1111111111 11111111111111 1 11111111111111111-
10111111811111111111, 111111111111111111 11111111, 1111111 111 111111, 1111
1111111111 11111 111 111111111111111, 11 11111111111111Ι 1111111111, 1111 11111-
1110118111. 111111 111111 1111111111, 1111111111 1111111111 1111111111111111
1111111111, 1111111 1 11111 11111111 1111111111 11111111, 111111 nich: 1111111111,
1111111, 1 11111 11111111 11111, 11 Lwowa 1 1111111111 111111 111111111111,
Ζ111 11111 111111, 11 1 1111111, 11 11111111 111111111111111,111111 1111111111
111111111 11 2111οὲ111, 1111111111111 1111111111 11111111111111 1 11111111, 11-
11111111 111 111111 11111111 1111111111111111111 1111111111 1111111111, 111
111111111111111111 11111111 1111111111 1 111111111111 011111111. Za 11111,
11111111111811111111111 111111 11111111 1 1111111111,111111111111111 1111111Ζ1-
111111111111111111111 111 1111111 tego 1111111 111 1111111111. 111111
11 111111111111111 1 1. 1198 11 1111111111 1111111111 1 1111111111 11 111 111

 

