1155111151, 511. 49, 50, 114,176-180.

1105155111 16551Ρ51151, 511. 53, 190, 191, 196. 220, 285, 289, 290,
292, 295, 311, 312.

bukaszowic Tomasz, 511. 38, 104.

Μ.

Majkiewicz 81511151511,511. 51, 181.
1151511155, 511. 59, 227, 302.
Manugiewicz Mikolaj, str. 68, 252, 301, 306, 308, 309.

21 Meldo'n (Μ5105110111551Μ55151, str. 69, 252. 253, 301, 308.
Michalikiewicz 1511, 511. 48, 51, 175.
1115165111051015155111), 511. 59, 226, 227. ’ ”
111555551115111 8151151511, 511. 50, 180. ·
Μ111ο1515111Μ55151, 511. 45, 46,144, 159.
1111151515111 16551, 511. 53, 188, 189, 190.
Morenda Gabryel, 511. 38107, 108.
Muneghina 8511511511. 46, 159, 166.
Μ11551115111 16551, 511. 57, 196, 215, 216, 293, 295, 296, 299, 302.
Μ11551115111 1155151, 511. 65, 67, 246, 247, 291, 294, 300, 301, 304,
306, 309.
N.

Niewieski 8151151511, 511. 44,139,140, 141, 143, 144, 150,151, 159,
167, 168,171. 175, 187, 253, 283, 284. .

Niewieski 1511 Kanty, str. 48, 175.

Nowacki Stanislaw‚ str. 37 97, 101.

Nowakowski Adam, str. 41, 122.

Novicampianus (Nowopolski) Wojciech, 511. 37, 103, 104, 112,
282, 310.

Nyko Daniel, str. 69, 252, 808.

0.

05505165110155351551546159, 160

0115115111Τ5051155, 511. 04, 179, 245, 304.

0151111515 1511 511. 61, 62, 238, 304

Olgierd 1111110151 Onufry, 511. 60, 187, 218, 219, 232, 233, 234, 235,
236, 237, 242, 247, 275. 290, 293, 299, 300, 302 30.4

0111155111 Tomasz Γ15115155511,511.46,47,106,150,151,159,166,
167,168,284.

 

