1611116111. 106

oo 61. 1641 zaptani 12,000 111. 1 666 61661626661616 66 1661161666
toj 16616611. [1161616616 sio 6116 61111 1111 11611161 1616166116] 61161661
6666116611116,6116,11 11161611166161116 161 16111661 1611161 1 6616166616
6 6161 611166166161 6616161666 6111 1 166661 1 66661· 16616611 16616666 (111).
116. privil. 611. 81-86; 11. 11666. L. 161. 115, 161. 137-110; 1616 C. Z. 161. Ι
pod r. 16191. Ρ616161611161616 611661611616611, 116161 1611661 „sumptibus
11666 161116 illustrissimi Domini Patroni (1666 Ζ6661611616, 66616 16161161616
1116116611) 61111161, suoque J'am 1616 1611161 gratiam diffundit 16611116 616.“ 16-
11661 61. 1617, ,116 fundatione 6611616116 666661611161666666,166 661 6611·
1616611166 616.“ 111. 11000 (11. 11666. 1 voi. 115, 161. 59 1 60). Τ16 6116 616-
66166 161611611666 166661616616 16161666 11161 1611616 16661611616, 6161616
61616611616, 6 1616161 1661616666 1166616 66161616 16616611, 66166161 6111116
6 11616611 2666161161· 1 do 16666161· 161616616 61111616616 611, 1111111 161166-
61 8166611616. 161661166οὲ6 166661 5166611616 6116166 611 6116661116.
16616111166666116166161· 161661 XVII 6. 6116611166 616616 66161 111161116-
611616161616 1 6161166 66661111616116661111616, 11616 1611161611 1 116616
1661116616 661616, 11161666116111616 161 6111616161 166111661116111116161,16-
616611661611 6661661611. 11616161 11161 61616166, 61661616 16111161 11666-
16 11616 6616611666616, 6661 16161161616116116111611 1 11616611 1666 Wojawo·
111 666666161611616, 11611 siau iuad 11611161 1161666 166111661166, 6161 sio
jui 61661116661616 1 od 161 1111666616 ani 116616 61 1616116166 161161116616
1116116611 6616116161 616 116611. Dobra 16616166161616616116 1616161666,
1616616 116616 1661616 616 6116111. 16166616 116616 11161666-16161616 661 ·
Β61166 1611166 61616666 61611116161616616, 6 1116166-1616161 61661611 616111
6 66166161 616111166111616616616161616116666, 61666661 6111616 611, jak
6161616 611 16111616 66 1666116616 6666166166666 1 1. 1659 i 616666666
11. 1660 (1616 C. Ζ. voi. I 611. 1658 uo 1662). 1166118166611 unia 1 1616-
16 1662 r. (1111). Album Stuu 1166 1 Ζ. vol. II). 11116116 1616 „synopsis 16-
tius Μ611611161666“ 616116 6 Ζ6661616 61616666616166 Bibliogr. t. VIII
611. 111.

¹⁸) 666161 6616166, 861616, Schultz, Solski 16116 66116661, 6161111 611
1 ojoa 16161 1616616, 1666116 1666611616, 661111 161 11161161, 616611116116661
16611 811666661616. 116 6616616666 661661 11616 166661616661611616,11·
6666161Ρ6111616 811666661616, 166 6616161 6116661111 6616111616 16 61616-
611, 66 1616166616 jun 61. 1615 (Pam. 11. 116. w 11161, 6111111611 ilion-hist„
t Π, 611. 161 1 210). W 6661116616 16161 1616 66166116616116116166,1 16 je-
16 16 1611616166, 1616 22 1611661616 1. 1616 1661666616661 661 1116661116 1161111
611666161616166161161 161 1116 ,1616 (166166116666 consultationum ato.¹‘, 1 661
161666 mittor 6111161661 (rito. 16166 16. Ζ 611. 69). 1116666166 66, 16 16 samo,
11616 anano 66, pod tyt: ,1616 16. conv. 161. II“‚ 6 1161161 1 161111661 6116-
61 od 1. 1616116 1. 1746 musi 611 111161 6111666. 1111111116661616111616-
na, ruitura, 611616 6161666661 1 1166 16 6661611111 611661 6161661616. Nio-
zawoduio 666116 111 16116166, 61616 6661111161116666161616116166616-
66161161 1611616661 16 11661666 1. 1612 611 6 Ρ61616 (1161. 66 da. L.
I 0. 6 1616661111, 61131). W ostntnim 1616 6661611616 16561616 26 81611)-
616, 6161116111 1661666616 Ζ6666616 po 161616, 116116 6611 666] najatei,
166116 barum wyjatktom napisai 6116116611 1666161161. 1161170110 111666
666116, 11611 ,66 611166 6 61616611 1666161161· Medicinam praotioam 16166
(11166, 116 61666666 16161166 1611 do morbis 16161616 corporis 166661 66166

 

