252 7777777777.

Septembris lati, 7771777 firmatam, 777777 7777717 subscribo 7171777 1717117717-
77117 77117777. ’17777711 7777 1)·71 1778 16 11177717 Septembris M. 111771. Dagon.
171. L. L. 71 111177 0-7 7777.1 07171 11717 7177777777771771771 77117777 „iu
educationem supra scripti 117777 Ρ7717777717, 177 cracoviae 177 Viennae 7771-
77777117 erogavit academia 777 77777 meaa qua [iactaris 71177177711117 ilar.
771. 117 rocognosco. 11. 1177171777 117171711 777177 7777.“ (717. 171717. Com.
771. 111. 117777 7171 777177 7177717711777 17117 w 1177177717 77777 71777717·
771711, 1777 7777177771777, 17 717 w 7177· 771717 717 1771717 magi 771771777117,
77771171717711 0 7777717717 717717 717 17 11171717 Ζ777771771771777771,1177
71177717 177171711 717. Za 77777177 711717 77171717 77777177 7717771711, 1 spara
1177177 7171 77771677. 27777717, 17 77777 717777· 77717777771777777777111717177,
117777 77777771 1 177771717177 717. 1782117711. 077 1711717177771 Zdaje
717 17 717. 01777171 17771777 1771 w 7777777777 717177171177 11777777 77771
71777 777171 771777 77171777 1771777717, 7177711717, 7177777771771777717
7777771 1 7177717111 1771777777 adaia 771711. 87107777 77171717 7771777777
7717771711 77 71717711 7777171171, jej ubogiemi 1771777771 77 7717771717
771771717777.

m) Rkp. Lib. 17777. Sem. Z.; 717. 1717 17. conv. 771. 1171711777717.
1177771. Zaraz 77 71772, 7777777717 717 rima 7717117717 117 71717711, 771777
717777177771. 17711717 17177777 77 17177717777717771]11777777777711171,71177
77 7717111717 1771777 7777777117 77777717, 7177 77771717 717 777777177717. Wiai
8717777177 7171771717, 17777171 77177 71 71717717 7711777771, 17777 7771717 ja
777717. 017. 1774 7777717 7717777 7717171 7 177 7717177717 717. 360 7777717,
77177 tego 1777 7717111 771 7777711771 7777777771 1771777717777, 771777117
17777 7777771177117. 0171780 7717171 177 7777771 77771771711777717,17
77777711 717. 554 gr. 24 77177 171711777717. W r. 1783 777 17767 1717711711
717711 717. 554 gr. 24 (77177 7771), 7 7777177771 717. 780. 1177777171 177117177717
777717 magia 7177171167, 177177771177 717 7717 moine 1777 1771777771,
777771 777717 7171771711 1717. 11777717. 11777777 1717 Ac. 0777. voi. 11).
W 171177 7771717717 17177717177117 717 magia 17171 17771177 77 777777177717
7771777717 71777717 77177771 7711711677 7771777717, 717 7 777177717177 7771-
7777177 mamogo 717771777171 dia 717117 77777717777777. Byia 77177 177177
171777177717711 717 71717777177777177 7177771 177117177777771777777. Takim
1771 0711111711, marego akadamija jazar. 1775, 1717 7717171717 77771717 17
71717711, 7 w 7771777777 jaim 171 7171777 777177777 7717777111717. 171717.
0777. val. 11).

’Mi 1117. Lib. 17777. Sam. Z.; 717. 1717 17. 0777. 771. 11; 7178777717.
1777771.;Ε7177171777ε 1111711777. 1. 111717. 476.

²⁵) 1117. Lib. 17777 Sam. Ζ77.; 717. 171717. 0777. vol. 11: 717117-
77717. 077771.

111) am. Lib. 17777. Sam. Ζ.; 717. 1717 17. Cana. 771. 11; 717. 11777717.
Quaem.

¹⁰¹) 1117. Lib. docum. Sam. Z.; 717. 171717. Cana. 771. 1171711777717.
0777717117177171771111711777. 1. IX 717. 4761 485. Maciaj 1Μ71177 7777717117
11711777717777, w r. 1811 daia 16 arminia bieraa 7117171777 171717117778177-
7777711777171777777 „litteras dimissoriaias“ da 7777177777 717 w 1777117117]-
1717171 1171777771 77 1771777. 077 77717117717777, 71717 7717111 1171717717
7717717771, 7177171777. 111717 Μ7117777177 7771782 77 1717177 1717177771,
771777771717 11117 7771777717 7171771177 77717117. 0777117 17 77717177177717·

 

