Pnzmsm. 275

101010 101. 2011011010 010010 00 0001011001010, 0010000 0010011111 10000100,
0 010000101οε ks. 11100000 Ρο1111001100101 S. Τ. D·r 110. 11001011 1101010111 0.
Ρ. D·r, ks. Μ110101 0101001 S. Τ. D·r, 10. 110001001οο 210110 611111000-
1011000101101100101 0000111100, 0001001-00110000 0110100111 ks. Andrzej 110011110-
0100 0111010001οηιο 100001 O. 0. 1)-1, ks. 10001 11οο0000101 0. Ρ. Dr.
Βο11 10 0010000, z 0010111100 0010101000, 1100000Ι 10011010 0110010010 1 0101000-
10010 01010011 1000101101. 2011000010 1 ks, Μο0100Ι Wagner 0. Ρ. D·r, 110000
01010001 1 10000111 11011010, 010 00 00010110010010 010 010011, 0 1101110 101 10-
00011110 1000000001 010 000100101000, 0100101 1000011100 10100101010101, 0 za·
101001001010000100 011100110100011 0 010010 0610010100. Ρο1101010001100-
01οό11 1011 10111001 0110010010 10011010 Ρο00 Βο00 za 0110016000101010010
1001011001, 10 116100· 00101011, 0 0 00101001] 1001010001 0011001111 16100 00100100
001000 00 colu: 00010101 00101010100010100110010, 01000011 111010 00101000
10110000 01010000, 0001101011100010010 00100011 1000101 101110 0000 011011-
0000101 0010011010. 11106100 10011010 1000010 010 000010οὁ 0 10101 6110101110,
11016011 1Ζο000111ς 1001 0010100 00110001 1 11000101001 0 10 010001, za 10010
00011010011000, 10100100 0010000011000 1 1116100100 100010000000, (1611 1001
01010 010 0111001010 1 01010101010010111100 0101010-11101000 001001010 101
00100010 bez 0000010010(1010 C. Z. 001. 111).

1110110 0 r. 1796 00011 110. 1100111011 01010111110100-1010101,0000010000
10 01060 01100 00000 10011010101101101000110000101010 00101001010-10011010
00111010 z 000161 010110 ks. olgierda, ks. 11101111010021010 1 1010000101 10-
11000011 011010100110 0010001001, 10110 1100101101όο 001010100010. 1001 60010000
01100011101000100 10000011 00 1100100 0060010101 01010010 0010 prelature
1101000011011010111000, 1000011001 0010100011000, 0 0101001010οἰ 011011·
010110. 110001000101010010100, 11111000 kapitula 00010100 za 010011010001,
nolens 001000, 01100·οό 0001010, (100101 1001010010 od 1101101001000111000, 11011000
0000οε11000 (1010 16 1101000110 01196, 1 10001 10101 1010 25 1101000110 011101
1001010οο10 (Acta C. Z. vol. 111). 1000110110 101001( 11010 00 0011001000 1 010-
000010ῐο 0000100110 010111011οω1 10010] 0010100001 01011000. 201000
00010000(1801-1812),110. Onufrego Skotnicklego 100001101101000111000, 111ό1000
10110 01100 0011 10011010 011000101010010001, 0 1101100 6010100011 10010100·
001, 1 0 0100 10001 10000100 01011 010 00101001100001, 111101 101010 Ρο010-
1000111, minister 00100 1111101110100000111000, 0611 00000100 01011 00101101
0 0110101011 6011001001111.,001010010 Ζο001010, 1010100010, 11000 0100 0101010
1101011100οτ, 1609, 0 0011010000, 01101 1101010110111000, referendarum 0001100-
00101100000 0100 10110 1. 0. 110-010 Wodza (01001101. Κο0.2),101001000100101
0010110010 0000000110οο 01000010 01101 01010160 1010110000 000010110110-
1010. 01 tego 101 01000 01 do r. 1866 011 0101001 0100011 0001011011110. 1100110
10 tego, 10 00010000 810010110οο, ks. 16101 11010100, 010101 0010100101( 10101110
1010101101 (1812-1823), 00100001 0001101001 00011100000161010010010010110-
011011όο 010000010το szczebrzeskiej do 1111010001. Βο10 00001 001110100100
010010, 10 11001 0101001 1 10000100 00001000, 0010000, 0000010010. 1110101001οο
00 0100100010 0 1111Ιο01010 1000000000 01010 0010061110, 1000100000 do
010010 100110 0100100 01010 1101000001 11010 00 0000010010 1010000 1101000100
1110011010, 1000001000, 0010100000·όο 0101161001, 0101 00 101000· 1010011οο10
0 1101101 1101000001, 0110000000 boguta i 0101010100 0000100,1010011010110011010
1 1011 00000 60001010 010011010-01010 Ι 1010011010 1000101010110101000 po·
0001001000 0101000101 1060101101, 01000010 00101100100010, 10 01000010 10010-

 

