33333333. 131

131133 131133 13313, 3133133311 1313311313, orez 31313311333331313 3 3. 1663,
3 3313133 131331 331333333133, 3331333 113131331 131 11333131, 3 3331313 11
1333 1313313 1313131 ,11. Quoniam 31 iniquitatem temporum 31333 academicos
133311311133 3313 31 professionibus intendore, nec 311313 313 expiere reperimus,
ideone diligenter perspecta, 11-13 D-un Rectorem 3133333 quos 131333 33333-
13133133113 coucernlt, monemus: ut diiigenter intendant, quuieuus quisquc 3333
1331111311 31 professioni 3311313311, 3113 quin 133 333 nuncio nostro ln 1313313
333331 sorum 33313 animadverterim Z‘e 331 13311313 nezem 3 313133113 13-
13313 3 3131333331313 33331311. 13131333 3 133 ticinensis, 1313 33 33313133313
1331131333 3 roku 333133333 1611 1313 21 13131313 3331133113· ,Ad 131133113-
3133 suscipit 33133 1103313133 1333 pastoralis solicitudinis 3333313113-
num 31133133111-31 3111-31 Loci 33113331 0131333313 etc.“, 3131313 ,11333133
31 333313 Reiorurailonis quae 333113 33333333 ii R„ D. 1133331, 333113 ii.
113313313 concernunt, 1113 33313 333 uirili curent ut 31 ellectum suum deducuntur
3133313333 opcruus 13 procurando pollicentur. (1333 333313 31 Actis Capitulu-
rinus 313.ό (1313113311). 11133311 3133 1131331 31313333 pren swoich
33313133 13311313 1 31313311 333133311 33 313 33133 3311 3331311 3333
333131 313331 133133 3331333313, 3 33133 131 33311131 133133 313313333
l 133313133113 1331 1331313331, 31333 333333 3133331131331313133133313333331-
3311313113 133 33313313, 3133133333 3 3313131333 31333333131333331333333.
i 33313 3 3333331, 11313 13313133313 13 3133333 313 3331313311 33331 3313331
331313313 33313 113331 33131 3331313313 1 olorone, 333 3 31311331 11331 33-
3333313331 1 31333333 333113 333333 widuc 331331131331131313131331133-
33131131 3 3333133131333333313 313313133331 33333131 33331 113133131 133-
313313. 1113333311 1333331 313 31313 33 1131333 831331311333,1313333 3 331333-
11333331 11313313 3313113111 1311331311 333133331 3 1131333 3313333333 131113·
irrogo 3 r. 111111313333 3131133113, 31333 13113 3131131311 313 3 331133 33333
131333331313331, 31131 313313 13131313 131313313333 1 3133331 13311313, 3333331·
133313333331131333133, 3113133331 31131 313313 13333133333333131 131333-
331. ’13333 3133 3 3.» 3331133333 3331333311 33131311 1313311313 33331313.
1111313131, 33 3313331313 3313131331 3313333. Sum 131313133331311 13. 1131133-
31131113333133331, 3333 1331 1311 333133333313 31313311, 11113131-131311
’1313331133 1133133133, 31333333 1333313313 131313313313131 3313133 1131331,
3133313111 go 131131313 3 331313333 313333 1331 13131 1331313331 1 33133311
33 133113 31333. S'wlpcickl niele soble 31133333133133113131 3131331133·
33131131 113 131333133131 1 33333333331 3331 131333331. 1131133133 313 33 wi·
3313 1333313333, 31331333 13133113333331 333133331, 331331 3333133313 teki,
1113313 131113 3131 3333133333. 013 33 3133331 3333 33133313, 3131 3333131
1311133831133113333313311313333131333113313133313 nzgipdou moinegc 3313·
1333 l 3313333 31313113 13131 1331313331, 11133 333333133133333311 11313331
3333113, 313 31313 133331 1333133113 3333111313331 3 obszcrnem 33131313
orditur-isloni. 1333131 3133 13 Zcunos'ciu 3 313113 331313131313313 1313 23
13131313 3. illiti 1 33333313333 333131 33333313131313113311313. W 1313 33-
3133333 33331311311 1 1333331 13 313313 3333 (1333) 3313331331. Β31 3 tego
333313 31331 313111, 3 113133 3131 3313311 333113313313313131133131133,
1113333 jun 3331. 1333 3333133333311133 3311313313 313 biizszcgo 3 331333-
1331131313 333331 3331333131331 3 jcgo 131333331. Skorc jodoci 33133131
krol, 33333 3333333331 1313 26 13131313 313313 1333313333 1313311313, 3 succept-
13331 3333313 33333113 1313133, 3333133331 13 313313 31 13 13132 majo To

 

