268 1111111111.

1111, 111111111111 11111 1111111, 111111111 1111111111, 111 1111111 1111111111
uumojeklego l 111111111111 ped 111 dete, 1111111111 ewulm 1111111111 11.
11111111111111, 1111111111 1 1111111111 1111111111 (11111111. 111, 1481. Nu-
1111111111 1111111111 1111111111 1111111111 11111 11111111 111 1 11111111]
1111 1111111,11111111111 11111111 r. 1783 11111111 11 1111111111111111 1111-
111111, 11111111 1111111 111111, 11111111 111111 1111111111 81111111 Auteul-Wu·
11111 (Actu C. Ζ. 111. 111). 81111111 1111111 w 111111 r. 1783 ueplsul 111111
1111111111, 111111111111 1111111111 1111, 11111 1 11111111 1111 111 111111111 Pu·
stetu, 11111 le 1111 1 1111111111111 11 11111111111 1 1111 1711111111111111
1111111111 111111 (111. Actu Ae. 0111111111. Wreszeie 1111111111 11111
1111111111 1111 1511111111 1. 1783 1111111 1ο 2111111111 111111 1111111111-
11111111, 11111111111111111, 1111111111, 111111111111,111111111,111 1111111111-
111111111 11111111111111 111111111111, 11111 111 1111111111 legul 1111111111
1111111111.

Wspomuluue 111111 11 1111111 1111111111, 1 1111111111 111111111111,
1111111111 11111111 1 1111111111, 111 11111111 11111111111111111111,11111
1111111111 1111111111 11111111 111 1111111111111111. 1111111111 1111111 111-
11111111111111111 1111111111 11111111 11111 11111 11111111 111111111111
11111111 1111111111. 111111111111111111111111 111111 11111, 111111111,111111
11111111 11111111 11111111] 1111111111 11111111. 811111 11111, 1111111111, 111-
1111111, 11 11 11111 111111111111 1111111111 11111111, 1111111 11111 11111111
11111111 111 111111, 111 111111, 1111111111. Ν11111111111,111111111111111111111
1111111111 111 11111111 1 11111111, 111111, 1111111111 1111 1111111111 11111111,
111 1111111111 1111111111 11111111 1111111111, 11111 11111111 1111111111111111
1111111111, 111 111111 11111111 dobree 1111111111 11111 11 1111111111. 1111111111
1. 1783, 1111111 11111111 111111111111111111111 1111111111 1111111111111111
1111111111), 1111111111, 111 1111111, 11111 1111111111 1111 11111111 1111111111
kapitulum, 111111 1 1111111 111111 11111111. 111.11111111111111111111111
111111111111111111111, 11111-11111111 11111111, 1111111111 1 11111111 1111111111 11111
1111111111 1111111111 ,811111111111111 81111111 8111111111 collegiatae Zumo·
1111111“-11 1111111111 1111111111111111 (111111111111111111,11111111111111111111
111 monerem, l 1111111 111111111111111111 1111111111 1111111111111111
,8111111111 Jurlum vindicetum“‚ kollegljacle 1 1111111111 1111111111. 1111111-
11111111 11 w 1111111111 1111111111 1111111111 1111111111 26111111, 1111111-
1111 1111111111, 111 1111111111 111 31 mareu 11111111111783,111111111111111
1 111111111111 111 1111111. 111 1111111 111111, 11111111111111111111111111
111111 stenem gelleyjsluu ,11 ellectum 111111111111111 11 Μ1111111111 1111111-

111( 11111111111 111, 11 11111111 1111111111 11111111 11111 111 11111111 11111-
1111 111 111111 rouzeju spruuueh. 111 to 1111111111 1111111. 1111111111
111111111111111111, 1111111 owe 1 111111111111111111111111 11111 11111111-
111111111, 11, 1111111111 1111111111 1111111111 111111 elul: 111111111ςοί 111111-
1111111111111110.Ζ. 111. 11111. 1111111. Ceuu. 111, ΙΙ; koplje: Remoustrecyl
l 81111111111111; 11. 11111).

1111 11111 1111111111 1111111111 1 111111111111, 1111111111 u r. 1783

1 111111 11111,111111111111111111 11111111 1 11111111, 11 11111111 11 111111
111111111 11111111, 111111111111111 1111 delegatum, 111 po 1111111 1111111111
1111111111, 111 1111111111111 1111111 111111111111111111 111111 11111111,
111 111111 1111111 1111111111 111111 1111111111 111111111111111111111111-
1111111111 liceum uulnojskiege, 1111111111 1111111 11111111 1111111111111

 

