100 0000000010

,¹ ¹⁸) 010001 0000000 00010000 1010 00010000 110000110000. 1604 00-
000 0 000000001οῙ (Ar. Kons. L. vol. 100, kar. 80190). 10000οτ00, 010010
0 0000010 0000000001 0 0000001000, 0000000 000010)Ι 0 0010000010000000101100,
w wlogubeslffil 1100οο0100 000 Ρ100000100, 0010001000 0 0010000001100000
10000000010000000 0100001100. 0010 professor staje 0 r. 1001000000000001-

01000 (0010011000 (Ar. 11000. L. vol. 106 100. 89 1 90). 000010 00001 0001000-
000 00 0011000, 1 00 0000 000000 0100010 01011000 0000111 00 00100 011000010-
1100 1 1000 0000010 0001001000 0000000110 1010. 11110010 Leg. A. Z. 010. 18. 11100.
Leges Α. Ζ, 010. 80 1110. Lib 00000 01029-42-2071. 1110101100 00011000 001
0110000 0000, 010 1 000100 0 00000 01000011. 1110000010 100 0100000100 cloj-
00011, 00 100100 0010010100 0 0010 na 00100 0000000οὁ 010 000010, 00 010 mogo,
010101100οὁ 00 0000000000010 00 010110 00010000 00100001οΙ0 11000011 00000
0000 000100000, 111100 80100100, 100000 000010 00000000, bo 0000011010 1000 00
10011 00100010, 0 0. 1620 0000010010 00000000 0000000 010. 1008 gr. 6; 00 01000
101 0001000000 1021-1630000000100 0001001010. 9071 1001, 0 0100 000000
000000 0100001 01010 00000οο0011 100100 010 (010. Leges 1„ Ζ. 010. 18, 80 1 84).
11001000 01000000 00000 000010, 0010, 010 001000 010 0000010. 010100 0 01000-
01100, 110000 010001 1000011 000111 0000100· 010 0000010000 00 Ζο000010, jako
000000001000001010, 000001100000 00000, 01000000 0000000000 00010 000000
0000000οο001 0 000011000010 00 000100 00100000 11000011, 01011000 0100000
0000000000οο 0000001 000000000001 01000000 000010 000100, 000 100 00000000
0010000οὁ 110000 1001101, 00 1100000 00000010 0010 00 000101000010 0100 000-
100001100 ,00 0000000 0010010 0001000000. 110000 000000001000001010100000
01, 0 010000οο0 0100 000100 0000000 00000 0000, 00 00100000010, 1000 0010000·οΙ-
nego 001000 0001000000. Ζ101100 10 000000000001 1000000100 001 001621010.
100 00 000000 010 00010100000 01000 0001000000 (010. Leges. Α. Ζ. 010. 171).
,1010 101000 1 00000 00000011, 0101110 0000001 0010010000010100 200000101000-
jem 00000001 00 0100 0010111000 0000011010. 100 00000 00110000 00000000
00100001 10000 0 0. 1008 (Arm 0000. L 1 Ο. 0101. 1. v1 010. 85). 110001
0010110 010 000110 01000000 „Narrationes 010.“οΖ0οο0010 01611 (10000οι
0000001000οτ, 1. 1010. 60). Το00010, 010010 0000000110 0 11110 011 0010010
00 00000010.

¹⁹) Waclaw 80001100 000 80001011, 00000000000010 0001000100, 010 0 00-
10 1004 00001 juz 0 20000010 (010. Album 8100. Α. Ζ. 001. 1. 110010οο000 Ρί-
00100110100, 1. 111 0000111 010. 298). [10100100 0 0010100000] 0011001, 001000001
Ρ100001101101, 0010000 00001000 0001100100, 00010000100000 0 00000 Ζο000-
01100. ,0100000010ιι 000 010 00010010 010010, 0000000 10100 100001οο00, 0010100·
0 001100100100000000

¹⁸) Wojeleoh 8100100100, 010000 1010000110οο 8100100100 100 800100-
01000000000010000110000 00 0000100000Ι 10100000 0010000ος 0010100 010 00-
110001, 001 010 0000010 Μο010100011 (010. Album. 8100 1„ Ζ. vol. Ι. 110010000-
011ΞΡ100100. 1. 111. 11000111 010. 2980). 1110110001 0010001000000100010000011
0 001010 0000] 0000100000οω (010. 100) 010000 0010010001 8101101011 000. 100.
0001010000 001010 8100100000 0 00100001ος0 0000001010. 8000100001 0000010010·
0001011ος 1 101 0 0. 1610 001 001010οθ0 (010110. 00000010. 20). ,100000001οο-
0101000010000 001 0010001 0000 1610-1000000001ου0 000010 000001001000100-
0100 0010018 Μο000 0. 1011, 0000000, 00 8100100100 000000000 000101 0 kn-
01100 01000010οο1 1010. Leges 11 Ζ 010. 10).. 00001, 00 0000100000 6, 00010·

 

