246 0011110111.

31110110 110101100 11010101. 1110110 01773 ’100 8011011110 110011000οο
10111001010111010011000110100010 1 111011011011 1010110 tago 1110101010
1110010101111, 0010010110010 1010 18111001. 1175, 10010010110 11 1101011100
01110111101101010 01001101100010 1 11111110100010101001011010010 01111010.
8100111010οο 0111010011 0111100 10111011 10 1 1111010, 1101100001001111010,
0110 10 1010, 1010 90110000 (1776) 0010010110010 010100101100, 1010111
11000 1101000110 1001001000 00 1010111 11000 001011, 0 10 01110101110101010
10001000 8110100011ος0 1111. Acta 110. conv. vol. Π).

¹⁸⁸) Rkp. 11010 Ac. conv. vol. 11; 111.11010011.1100001; Aeta C. Z. vol. 1113
1101101010οΒ1111011. 1. IX 011. 467. 000111011000101 111 0110010110101101010
1 011000100010 0101010110 101 0100110010 011 0101 10 10100 00010 101010010,
1110100010100 00 0011010011010 0110010111, 11110 00 10111010 11101000100100
1010110100101010100101101 01010101. Ρ111 10110000 100101010101 0001110011
1010011011 111010101ὀο 0111010010 11101 1011010 1110100011001010111110-
00101101, 111101010οΙ1 10 001001οε 0110 110100010010 011111 10 0101011100
1011101001 1 0101011000100110110010110,110111 101 11010 110 010110, 0 100010
110 0101001110, 0101111 011101οὁ 10111 1110110101,-0110 101, 10 0111011 101 111-
001010101 111010101όο 1100011000 11110 10110010 00101010101110, 0011011
00101 1000101 1011010110, 0 1111101111101000111 0100100101 0110100101
001011001010011010101010101010 110 0011101010 1001000001 10101001 11000110
1110101010. 1100 110111 0010001 010010000001010 01010011 1000101101 1 01·
11010 111010101όο 11101101 1101000110,1001 1100111010. 11010011 10 11010-
01010 011000 101010010 01010011 (1195-1648), 1000101 011 111010. 110111 110010
1 1101000110 10101 00011 01001101000111010010 1110101010 0111111001. 1110111οἁ
10100100, 101 0010 11010, 10100 0111010 11010111, 100111000 0101100, 1001
110001101000, 1001010001, 1001 11111, 1001 0010001111111. 101011 111111
1 1101000110 1101011 011110οό 1010111 1110101010 010 00100010 1111011010 1001-
00000100 1 11101010100 1110101 0111010010, 000101 011 011111 10110101
0 11010101 10110000. 110001 00101011001 0110110110 10111110001010110-
100010010 010111011, 11011010, 111 010110 11101010010,116111 0101 0100110100
011 0110110101, 0110010101 0001001 0101101 01111001, 1000001011 01101. 110-
0011011011010 011000 1110 01010011 (1648-1746), 0 111110 100110 10 0101-
11010 010110, 10111111110 01100011000 11010101011011101000110, 01 1111010101
1010010 1110101010 001111, 101011 10110000011011 00101011111100, 10100010
1011000010 1110101010. 11011010, 111100101101010011 10010101111011, 111
10101010 1111010101101101101 101001010, 10101101οοἐὸ 0101001010, 0110101100
011 1 11010001όο 01101101 1101011010 101 01110110, 10100001111001110 10001010
10101111011101001 1 10100010 101 1001100 1101000110 111001011Ιὸ 001101
0011 1 0101010001 1010111 00 1010111. 0100101 10010110 0 0110010 11101
0111. 1746 10110010 10101000110110 101 0011110 11101101 001100 00 001010-
0011110οὀ 001, 01111011 0100101 1011000000100011 1101000101101 1100010011,
10 0011111101 1000 1110010110ου 0111010111 10100011, 1010100110101011110-
01001101οΙ1 1011110011, 10 10 0010101010 011000 (1746-1784 0101110110010
11000010 110101 1001100110 0 01010011, 11111111 0010101101111001 0111101001,
1 10 0011010010100101101 111010101όο 010 01110101. 11110 10 00110101 100-
10001111 0101010 010100110 010011011011. 1101101110 1000 1010111 111110011100
1011000 1 1101000110 00 00101101 01001000 01010101010 0001100010, 11111
100001 0111111100 0011010010, 00101110 01111010 10100 00100 1110 1011011οὁ.
11100110 000010 1010101, 10 101110011100000 1110101011 1 010101000010 10000

 

