280 1111111111.

111111, 1111111111 11111 111111111111111,111161 111111111 11111111111·
1111111111111111,111 1111111 1111111111 111111 1111111 1111111111 1111111111-
aych, jako 111111111 111 11111 11111 111 1 1111, 11111 1111111 11111 111 11111111.
11111111 1111 111111, 1111111111 0 1111111, do 11111111 1111111111 1111111111 11·
11111 111 11111111 ,1111111111 rerum mobilium 11 supellectilis Ecclesiae 61111-

111111Ζ11111111111 111111 111 11111“ 111111 1111111111 11111111 11111, 1 11111-
1111111 111111 1111111111 1111 1622, 1130, 16411658, 1116111670, 1687, 1699,
1711, 1714, 1737. W 1111 1111111111 1 1111111111111111111111111 od 1. 1765
11111111111111 111111 111161 1111111111 111111111. W drugiej 1111111, 111
11111111 81111111, 11 1111111111111111· 111111111111, 1111111111 111111111111
11 11111 111111 1111111111, 1 161111111111111111. 1111111111111, 11611] 111111
111111111111 1 1111111,1111111 1111111 11111111-111111 111 111, 1111111111

11111111111111, 1111111111 111111 111111 111111111111. 11111161 1111111 notae
1111111111 1111111 11111 11111 111111111111111. 1111111111 1 1111111111111
1111111111 1111111111 1111111111 111111 1111111111. Ζ 11111111111111-
1111111 111111111111,1111111 11111111 11111 11 11111111111, 11111111111111111
1111111111 1111111111] 1 1111111111 11111111 1111111111111, 1111, 1111111111
11111111 1111111111 1111111111. 11111111 1111111 111 1111111. W 1111111111
,Η111111111ο111111111 1111111111]Ι 111.“ 11111 ks, 1111111111 11111111111111111-
1111 1111111111 1111111111,11111111111111111111111 1 111111 1819-186111111·
11111, 11111111111111111 111 1111111111 111111, 11111111, 111111111111111-
1111 1111111111 ,1111111111 1111 111111111111 1 1111111 1111111111111111111111,
11111 11111111111 do 111] 1111111111 11111 11111 1111111161 1 1111111161,
11 1111111 11111 1111111161 111111111111111161 1111111111 1111111111111111
111611111111 1111111, 111 1111111. 111 111 11111111111111 11111, 1111111-
11111,-111 11111 11111111, 11111 11111 111111, 111111 1111111111, 1 111111, 11
11611 111111111 11111. 11111 11 11111111Ι 111111 11111111 111 11111 11111111
Ρ1111181.,11111111111111111, 11111 11111 111111111111 11111111111111111111
1111161 1111111111 1 11111111, 1111111111 1 1111111111. Ρ11111111111ο111111111
1 1111111111 111111, 111 1111111 11111 111 1111111111111 11111111111111111
1111111111 1111 111111 11111 11111· 111 1111111111111. Ζ1111111111 11111
111111111 1111111, 111111111 111 111111, 11111111 0 1111, 111111 11111111 biblijo·
teki 1111111111 1111111111] 1111111 1859-1861, 111 1111 1111111 111111 111· 111-
111111111 11111111. Oto po 1111111111 ο.1.111111111161 1111111111 1111111111
111, 111-1ο 11111 111 1111 11111, 1111111 1111111111111, 1111111 111 11111111
11161111 11111111 111· 1111111111. Ζ11111] 1111111111 1111111111, 1111111111
1 1. 178111111111111 111111 11111 111111, 111 11 1111111, 111111111111111111- .
11111. 0111111111 11111, 1116111 11111111 11111111 1111111111, 111 1 111111
1111111111111, 1111111 1111 11111111 111111111111111111111111111111,1111111111
1111, 1111 je 11111 1111111111 11111111111111 1111111111 1111111111.

 

