1111111111. 227

1111111111 1 Μ1111111111 1111111111 (Wojoieohn). 11111111111111111111111111
1 inienio Miotnskiogo. t 11111 11 11 soma 1111111111,
¹⁸⁹) 1111. 11111111. (111111. 0 1111111111 1111111111 111111111111-
11111111, 1111111111 inienio jogo. 11111111111 trodio 1111111111 101111,
11111 11111111111 11111111 1111111111 1 1111111111 nie 11111111. ⁶
¹⁴¹³) 1111). 11111 Ac. 6111.111.11;111.11111111. Quaest3 1111611111Ιί.

011 11111111 1111111111 1 1. 1746, 11111111 111111 111111 11111111 1111111111
prono kanonieznogo, 1111111111, 1111111111 1 111111111111 11111111. 1111111
1 11111111111 11111111111111 111111 1111111111 1111111111, prono 1111111 1111-
1111 1111 1111111111 11111111111111 1 111111 1111111111111111111111111111111
1111 1111111111 1111111111111 11111 1111111111111 111111111111 111111111111-
1111111, 1111111111, Pruski i Ρ111111111 1111111111 111 1111111111 1111111111111.
Prosit, 11111111 11111 1111111111, 1111111111111111111111111 1111111111
1111111111 11111111 11111111 11111111 prono 111111111111111, 111 sain, 11111111
1111111111 111 11111111. (1111 1111111111 11. 1757 1111111111 111111111111
1111111111111111111111111 dian 1111 1111111111οηί1 11111111111 1111111111,
1111111 11111111 procos okodomii i 1111111 11111 1 111111111111, 1111111111·
11111 1111111 1111111111. Do rokn 1111 1761, 111111111111111111Ρ11111111,
11111111 11111 1111111111 111111111 1111111111 1111111 111111 1111111111111·
1111111111]11111111111111111111111111, maio 111111111 111111111111 (patro
11111, 1111111111111 1321. 1111111111 111 titinio 1 11111111 111111111111111,
1111111111111111,111 po Κ11111111111,1 r. 1762, 1111111, 111111111. 111
1 1. 1766 1111111 111 1111111111 11 111111111111111, 1111111111 111111111-
1111 1111111, 11 1111 11111111 11111111 iiiozoiicznogo 1111111111 1111111111111
111 11111111 1111111111. Nn posiodzenin przoto z 111111 11 1111111111. 1767,
1111111111, 111111111111111, 1111111 1111 111111111111111111111, 11111111
11111 1111111111 11 111 11111 1111111111 proiosora 11111 1111111111, 11111
11111111 111 111111111,111111111111 1111111 go 111 1111111111 111111111.
111111111111111111 1111 11111111,·-Ρ111111111 111111111111, 111111111111
11111111111111111111111, 111 to mu 11111111. 1111111111 11111111 11-
11111111 1 1111111111 11111111111111111111111 111111 111111111111, 11111111
11111111 1111111111 (1. 1766) 111111 opinione 1111111 11111111111111111,1111
1111111 1181111111 1. 1ῑ67 11 111111 1111111111 (111. 1111 Ao. conv. 111111,
[1111111111 od 1111111111, 111111 111 1111111111 w 111111111, 11111 111111 Ρ1-
1111111 11111 1111111111. 111 go 11111, minio 1111111111 1111111111 11111111]
11111111111111 o tom. 111 1111111 11 1111111111 1. 4 1111111111. 176911111-
11111111 11111 111 1111111111 11111111111111111111111111111111111111111-
1111111 111 prona 1111111111 1111111111 21111, 111 111111111111111111111
111111111111111111, 1111111111 1111111111 (prono 1111111111 od r. 1714111
1781 1 1111111111 11111111 Dominik 1111111111),-11111111111’ 1111111 1111111
11111111111111111111 1111111111 11111 1111111111, tentationi 11 11111111
111111 1 11111111 1111111 1111111111 1111111111111111111111111111111111111-
111οὲ1 „quoii 111 1111111111 vicissitudine 1111111111 111111111 rogoias 1111111111
1111111111111 1111111111 constitutionum iiognti, Zo 1111111111 1111111111 111
1111111111, zo 11111111111111111 111 11111111. 11111111Ρ11111111 ,11111-
11111111111111111111 iootionis sibi oxiniborot“-pisno 11111 1111111111111111111-
„qui lii-ris 1111111111· quio unicum tontum 1111111111111 absquo principio pro·
duxlt, 11 1111111111111111 11111111 11 111 1111111111 11 1111111111 11 tractanda
suo tectione 11111, proinde [1111111111 obligavit [tectorem 1111111111, quatenus

 

