1011110111. 221

00111001 (0011010100 clericerum), 01101010, 10 01 1. 1758 1010 2 01101010 1. 1.
011011 01001010 0000011100, 10 1. 1784, 10100110 010001000111010, 0 0110
101 26 praescio, 11111110 0101110011010 010100όο. Ζ nich 0011 10101010 proceni
0111011, 0 0011001 1110010 1001011 1001000101,101 10 1110 00 1100010110 0 0111-
00011, 101 010010 0101000001οΙ 1110001110101001101, 101 01001010 11111101 00
1101000110 0 01010011 1000101101 1011010011 01101101, 011010 1 010000 0 hie·
1010111 1001100001 1011110100001010 (1111. Lib. 100. Sem. Z. 1101. 39-52). Siu-
01010 00010011100 100 0111011110 sie kapitula 10001010, 1010 1110100 00010011
0100101 100100 10101010 11111 01010011, 111101 110100010010111110101001110-
10001001 010011όο, 0100001101011 0100100110 01101010 1001011010010, 0010110
0101001011, 0 001101 1001100 000 1101111011 1110010 11οο01010 1 01111010010011.
111010110110110 101110 10010110101011001111110100011 101 1001110011 Na-
11111 dem 10, 0 111110100100101000 0001001110ιο, 1011000110010000100 0 r.
1743 praec 10111010 8101011010 01110110 1011111 1 11010 10110011 0101101101-
com 3101011010. Ζο101010 1100100 1100100100000 10 101100011000101101.
1758 0100010, 0101111111 010110110101 8101011010 1 1110000010 1 po 1110101001
01101011100011 1001000010. 1101111010 10010010 100110 11100000 10001010 1101111
dom, 11111101 1111 10100001 111101 10111010 8101011010, 0010110 0011100000,
1 11010101 00010010, 1010 1110100001 00 placa 1000010 000100111οω 1 10010011
1101011101 1 0011010. W r. 1768 10111010 00101οο1010 ie 0111001 1 8101101101
0110101000 (1010 C. Z. 101 111 111; 1111. 8000. 100. Sem. 2.). Ρο010001 100
1000101111 111101101010, po 0101010010 0111001 1 8101101101, 11001110100010
0110110 111010 01110101 1011110101 01 1001001010100. 0111001 Jan Ζο001011
00100010 10101011, 011110 1011101 praee 1101111011 0 0111110010 000100111001
aspari 11 001011101001,0011111110000 110010). 11το01010, 111 0 1. 1777

Adam Radeeki 1011001001100100010011100 1100111110111, kapitula 11010-
0010 00 nim 10011011 000100111011 1 1001001010οἱθο dle 010111, 01011000
1011011 100101010110. Γ110 0110001100 po paru 111001111001 101010100101000·
1010011100, to 00101010 1101010 01010100, 110010 1 01101001001001010010,111111
1011101010 10111011 1000101101 (Το010). Ρο1010101 1010110010 10011001όο 00
011000100ιο 0010100111οω, 0 101100οί0010 00 0110010101010 0111100010, 0101110
100101110101110 1011101111οΙ0 11110100101000010011100,11101011101011111010 ⁴

alumnia, 01011 10101010 00 000 0111100010 proceni 01 1110001111η 1011000101
0101111 111101 Stefana 20001011010. Β11 00 000100101011010, 1001011101,
111 110100100 11110 10111011 1011101111010000110111101010010. Za 1111000-
10011101010101010 1 0010110110, 111111 10011 1010010100101100011001111
00110011000101010 0000011100 1 1001 0110010010 1101111011, 0 00001 010110100
1001001010οο 1010110100 1011110 0110111 011111 001111000101010100100110
000100111011011. Dusae 0110101101 ie 011000011100101 111 10. 0001011111-
1010111, 100. 101. 100, 11010001 0110101011 0 11010111 0000011100. 00 10 1011101
111001 01010 100100100ἱο 0001011100 10001011010 00010110 01100010011101011
011101 1101110011 110 1001110011 111101 111000100111. 00 01101001, 10 i 010-
100111, 1010 0101000100 1 1101101100011 1011101010110110, 011010 0011001
0010100111οω 10111111 10001111, 10110001 01. 1739 11110110. 110111001010 8111-
100100011010 00 111001 01001010 11101 01010011 1000101101, 0 011111010 proceni
10111111 011000100001110101110010111011 010100101101 (Ρο111 01101 10 0101-
10010041 1111. 8000. 100. 8011121. 1111010ἰο 0100 10101011 1110100110 00
110010110οἰ0 0000 1 1. 29 101010 1. 17601 ,11 4·0 1111100110 reflexionibus 111-110
(ll-mi Praefecti seminarii academici, 000000 trium 01111001101.1101 1101Ρο-

 

