158 1111111111.

11111111. 11611111 11111 111111 111 111111 1111111 111111111111111 111111 11
1111111111 111111 11111111,11111111111111111111 11116111. Po dlugleh proee-
11111, 11111111 willo 111111 1 1111111111, ’1111111111 11111111 11111 1 11111111
11111111111111 1111111 111 11111111111111111111111 1 111111111111, 1 11111 ro·
11 1110 11111111111111111 1111111 111111111111111111.111111111111111 po-
111111111111111111. 1111111111111111 111111111111111111111111111111
1111111111 1111111 w 1111111 1111 111111 1111111111 111111111111111111111
1111111111. Ζ11ο1111 11111111 1111111 1111111111 w r. 1699 111.11111.1.111.119).
11111111 11 111111 11111111, 1 1. 170411111111111111111111111111 111 1111111·
111111111111611111111111 1111111 (1111. Caes, li„ 01111. Ρ11111. 1891 - 1892
111 1111111111 111. 011111. 811111 111. 18). 1111111111 1111 11111111111111111111
1 111111111111111,1111 1111111111111111 1111111111 11111 111111 11111111111111
1111111111111 11111 1. Ε. 11. 11111111 symona (111. 23-141 1 111111 1111111
1 r. 1701, 1111111 11111111 Wyehowsklego (111. 11111. L, vol. XXXIII 11111111.
111. 292 1 111111), 1 11111111 1111111111 111111 1 1111111111 111111111111. Tu·
1111111111111 1111 1111111111 1111111111 1111111111 11111111111111111 od 1111
111111. 11111111, 11111 111111111111111111111 11111111111 megla 1111111111
111 1111111111 1111111 11111111, 1111111 1111111111111 111 111. 900, 11611 11111
11111 1111111161 1111111111 1111111111 jalo: ,1111111 1111111111 11111111 111·
11111, 1 proceni 111111 1111111 11111111 przez 1111111111 w 1111111111 1111111
01111111. [1111111111 111 1111111111 dai 1111111111111111. 1000 (111. Acta
ll. 0111. vol. Π). 1111111111111111111111111 proce 111111 1111111111111 (Es-
11111111, 1111111111. 1. 11111 111. 365 13741. 2111111 (w Bibliotheca poetarum polono-
rumqul patrio 11111111 scripserunt 111. 85) 1111111 go 11 111111 11111111.

⁹¹) 11111111111 111-1111111111, 1111111111 1111 w 11111111. 16811111
1111111111111111 w 1111111111 1111111111 (Ar. Kons. voi. 1181. W r. 1682 11681
w 111111 11111111111111 1111 1111111111111111. W r. 1684 11 11111111 pro·
1111111 lego 11111111111111111Ρ111111111111111 (rkp. 11. Ae Z. sir. 26, 21, 29).

⁹⁸) 11111111111111111 1111111 11 11111111111111111111001111111111·
111 1 w 111111 1111111111 111111111111 1111111 111141111111 1. 1651 (111.
1111111011111111 Lubiinensls 111). Ρο111111 w 1111111111 1111111111 1111111111-
111111111111311. 0111111111 hyl 11111111 1111111111 11111111111. 11111 111111
11111111 111111 1111111111111 111111111111111111. 111 111111111111 1111111·
11 1111111111111111111111 111111 11111 111111111, 11111111111111111 111111111-
11111111111101, hyl znmleszozony 11111111. Kazlmiorza 111111111111111111-
1111111111111111111111111111111 11111111 ,1. Β. Ρ. S. Th. Magister Fr. 0111-
mirus 11111111 011. Ρ1111. 811 Prior 111111 Conventus. Vir magni 11111111 selon·
1111 11 eruditionis. Regibus 11 11111111,11111111111 11 1111 1111111111111,
111 ..... 1111111111111111 11111 ablatos humillime 1111111111 .....
111111111171“. W Ρ1111111111 1111111111-1111111111, 111111111111 1111111 11-
1111111111 w 11111111111111111111.1031,1111 1111111111, 11 11111111 amari
r. 17061 1111 1111111111 111111111111111111111 1111111 w „Anaoeplaleo-

sis“. 1111111111111111111111111111111111111111111 1111111111 w 11111111
1111111111. 11111111 1111111 w 1111 111111. W r. 10821111 11111111· 1111111111-
1111111111111111, 1111111 11111 111111111111 1111111111111111111111111111.
Dlugo 1111111 1111111111 1111111111 11111111, 1111 w 11111 11111111111111
11 111111 00. 11111161 111111, 11 111 11111111 111111111111111111111111111,
gdyz 1111111111 1111 11111 1111111111 111111111111111011111-1111111111111
mu 1 ο1111111111111,1111111 1111111 ,11111111“-1 11111111, 1116111 ,11 vlu

 

