216 1811118111.

8811081811. 176218811818 88881818 18 881811818 11881611 (1818 0. Ζ. 1811111.
Μ888111811 1818181 1811188188881811 8181888111 81818811. 011818 81811188
818188818 18 18881818, 8118111818 118181811818818188188888811818188818118-
888188118. Tymozasem w Zamos'ciu 1888 818118118881818118 1 8181888 w. burele

8188111818, 1116181 111 senijorem 88188. Ζ818111811.1117, 88 1888181118 1111118-
118881 1128881818 ,111818 academici lionoris etc.“ 8181111,1188818181888
,181810 0. D. D. superiorum Facultatum Doctores 81 Professores.“ 11181 18
88118188188888118. 1118 88181 818 8818181 8188811818 8188 abaciam 8181
ι 81811818 8181 8818181, 111188 881118 1111118181 8181888 8818111811 018181.
1710 81811888 18 818181188 8888811188 818181818188818, 1811818 118 818118118818
1881881111 8 1181881111 888188111811181, 81888888188181 88 18881818 88881 818·
gleb. [118811818188181118 88811811 1818118, 81888 18818811, 811 88818181
18118 18881811181888 procu kanonli 1 18181118818. Ρ1688 111181 888888188818
1818118 111181 w r. 1711 1818118 ,11881818 Militantis Christi 881 1881188 Da·
nlells“ [Eutrelcben Bibllogr. t. lX str. 193 1 219).

¹⁸⁶) 11818 0. Ζ. 181. lI l lll; 118. Actu ilc. 0881. 181. Π; 1118. 11818811.
Quacum 081181. 0181. Dioec. 0181888. er 88. 1800; Ε8118181811Β1111811.1111
811. 231, 252 1 268. Ζ8 18. 18. 11181881 1 188811818188811181818818118881881,
1118 818188818 88118 1118188818 8811818818, 88818881111811181818811 8818111
18811111 8118818811. 018 88 postenowili 88 88818188818 1 1. 9 81181818 1. 1754:
„Ad 2·m Visum 881 [181181811811 81 Convictus Nobilium aporiatur, 18 88118 Pro-
1188188 8188188 881 illustris 0181188. 118188818811 illique administratio mensae
academicae commissa, 18818881 88118, 11888 8188 quam quinque florenos 18
hebdomade 818 8818888 expendat. Familia 88188 888888 8181888818188, con·
881888818888818 Universitatls providebitur.“ 1181181118818811 88181818 18818
8111818188 188111181111 1118118 8881888181. 17111818 88188 11118 18811-
18168, 818811 1818811 8181881811818 88 88818118818 1 181818181,811 8118188-
88888 8188118818 118 1888111811. duodennio personantias 11118181 118811·
188811188818 88888818181 8811818 118 8181888118, 8 888881818888181188
1818 8888888811 118 18111118. 011 181881818181181881181 188181881111818
88118818 1118811818, onelec' i 88888111 118. 118118818811, 11118181888181 88-
8188181818 badeleja, 18 81188181 tw 18811111, 11611 181 w r. 1156 8811188818
solutu napowledziai‚ 81881118 barlile. Ρ1118118 11881818 18 1818, 18 81818818
88 88818118818 10 1111818181. 1760 8181888 8818811118181118181 „Ad 5-m 818
88811811 1881188111 08118181188 residentiae in inferiori 8818818 8 88118 septen-
trionali, 8818188 1818 8181188 881188 8118881188811111, ldqu'e 8818118 8888811
118118.“ 0118 8181881, 88888811181111118811818811818 8881811188. 0111 818
8881111181 8118181 1 1818181 811818 1188111118 8 88118818 1811811 188181188 8118-
11811, 118188 818 881181 81188181 1818 181181818818181881881818811818881818
1888818188111111 8118818811818, 8181 18118188881 11618888 8188118818111-
181818818 818181888 881818818 811181818118881181181188181 cry 111 18811111
88881811 81118111 8 81811181 118188 81881 18. Κ81118818811818, 111811 8181811881
888811818881 1111181881 81 8111111181 818188181181, 881 8181 88818181 8181888-
161, 1888818181, 8811111 118. 8 188 11818, 881 8 811888181181818188181181,881
818188118111881818111818, 1811811181 818818 moine. WystepuJ'e 8818111118 w 1.
1763 81818111 3111118 8818818811, 88888181811881118 118888811818181818 jadrae
okaz 1888118811, 8 8811818 caprowadzanla konuiktu 8111 81818811. To 18111118
18181118 1 8181811111 811881881181 8181 1181118 1881111818 18. 1811888811,
8818111811811 18111, 18 8881888111 88 1111118 181881 11888 818 88818 11888111-

 

