172 1111111111,

111, 11 8111111111 11111111111111111111 111111111111 1111111111 1 111111-
11111. 11111111111111 1111 11111111 1111111111111111 (11111111111111111111.
1. IX, 111. 3, 17, 10, 27).

ΙΙ’1 1111111111, 11111 0111111111 w r. 1708 1111111 11111111 11-
1111111111 111111 1111111111. 00 111111111111111111,11 1111111 1111111111·
1111111111 1 lehara-chiram, 111 1111111. 1111111111111 111 11111 11111111,
11111111111111111111111, 1111111 111 111 11111111. 11111111111111,
111 111111111111 1111111111111,1111111,111 1111 1111111111 11111111111111.

¹¹⁴) 11111Ρ11111111 1111111111, 1111111111111111 111111111 11111-
111111111111111111111111111 11111111111111111, 1 11111 1111111 11111111
11111111111111111111111111111111 111111111 1111111111. 111 11. 1711 1111
1611111111 1111111111 111 11 11111111 1111111111 1111111111 (1111111. 1„
vol. 120). Z 11111111 11111111, 1111 Κ111111111111 1111111111 1 11111111
11111, 1111111111 11111111 11111111111111111 1. 1712; 1 1111 1. 1714111 111-
1111111 111111, 11111 111 1111111 1 1. 1718, 11 111111111111111111111111111-
1111111111111111111 (1716-1718). 1111 11111111 11111111111111111 11111-
11111 8111111111 Ο. Ρ. D. 1 1111111111, 11111111 111111 1111111 11111111
1 w 111111 11111 ἑ. Τ11111 11111 1111 1111111111 111111 11111111 1111111, 11111-
11111 go 11111 11111111111111111. 21111111 tego, 1111111111111 1 11111
11111111, 1111111 1111 1111111111 111111 11 11111111 111111111111111111111
1111111 1111111 1111 1 1111111 1111 1111111111 1111111111, 1111111. 1111111111
111111111 11111111, 11111111 1111111111111 11111111, 111 1111111111 11111111
11111111, 111 tego 111111 11111111, 1111111111 111111111111111111111-
11111111111 1111111 1111111111. 111 1111 1111111 1 11111111, 111 11111111
1111111111;111111111,11 1 1111111111 1111 111111 1111111, 11111111111111
1 111111111111 11111 1111 1111111, 1 111111111111111. 1111111111 111111111-
11 1111111 11111111 111111, 11111 11111111 1 1111111 111111111111111111
1111111111, 11111111 1 11111111111111111111111 111 1111111 11111111
1111111111, 11111111 1 1111111111 11111 111111 11111111 1111111111. 11111-
11 111111111111 1111111 111111 11111111 11111111 1111111 11 111111111111
1111111111111 1 11111111111111111 ,111111 11111111 111111111111111111-
111111111111111111(11111111111111). Po 1111111 1111111, 111111111111, 11111
1111211111111. 17181111111111 1111111111 ,1111111111 Romam 111111111111
111 1111111 11 sacra 111111 apostolorum, tum 111 utroquo Ι1111111111111“. Po·
1111111111 1111111 111 111111111111,11111 1111, 11111111, 11111 1111111
11111111, 11111 111111111, 11111111 na 111111111111111111 111111 11111111-

111. 111 1111 11 11111 1111111111 1111111111111111111111111111111111; -

111 1111111 111111 11 11111 1111111111. 1111111111 11111111 1111111111
11111111 11111111111 1111111111 1111111111, 1 111111111111 111 1111111111.
Po 11111111 1 111111 111111 111 1111111111 1111111111111. 011 1111111111 1111
1111111. 01111 11111 11111111111111111 1111111111 „fundationis 0111111111·
111“,11111111111111111 1111111111 1 1111111111. To 11111111 1111111111
111111 1 111111111 Ρ111111111111, 1 1111111 111 1111111111 11111111111111-
111111. Ζ 11111111111111 0. Ρ. 111 1111111611, 11111 11111 111111111111111
111111111111. Po 0111111111 1 1. 1731 111111 111111111-111111111. [11111
1 1111111111 1. 1739 1 11111 1111111111111111111111111111 (Aeta C. Z. vol.
11: 11111111811111. 111. 11; 111. 11111111. 1111111). 1111111111 1111111111

1111111111111111 17 11111111 (Bibllogr. 1. XII, 111. 197, 1981. 1111111 11111111
1111111111 111111 1111111111111 (Tame). ⁴

 

