248 1111111111.
1

¹⁰²) Rkp. 1111 111. 8111. 111. 11; 111. 11111111. 11111111 1111111. docum.
811. Ζ.; 1111111111 11111111. 1. 1111113911 1 174. 1111111 (filius Praefecti Cu-
11111 Ζ111111111111, 111 1111111 1111, 11111 1111111111111111111111111111111
1111 11111111 11111111111 1 11111111111 1111111111. 111 1111 111111 1111-
111111, 1 1. 1768, 111111111111111 „morum bonorum 11 11111111111111111111,
11111111111111 debilitatem 11 continuam 1111111111 ferendis seminarii 111-
11111 1111111811111111 dimissus 111, 11 111111111111 111111111111111111111111
11111111111111 11111111111111 11 Philosophia 1111111 promotus 111“ (11·
11111111 111. 111. docum. Sem. Z.). 11111111 11 011111111111 1111111
1111111 111 1111 11111 111111111111, 11111111 11 111111111111111111111111
11111. 11111111111111 111111 1111, 1111111111111 1 11111111111111111111-
111. 111111111111111 111111 111111111111111, 111 1111111111111111111111
2111111111 111111 111111111, 11 11111111 111111111 111111 1111 111111 11111-
11111. 01 1. 177411 1779 1111111111111111111 11 111111111111 11111111, 111
1 111111 111111111111, 11111 po 1111111111 11111111 11111111 1111111111. 111-
1111 111 111111111111111111 1 111111, 11 11111111 1111111111έὸ 1111111111.

¹⁹⁸) 1111. 11111 Ac. Conv. 111. Π; 111. 11111111. 1111111 1111111111Βὶ-
111111. 1 IX 111. 416, 437. 11111111 1111111111 111111 111111111111111
1111111. Za 1111111111111111 1111111111 11111111, statano 11111, 11111111 pro·
11111111 11111111. 11111111 1111111 111111111111 1111111111111 111111111-
11111 1111111111] 1111111111111111111 1111111111. 8111111111 1111111111,
1111111111 1111 111111111111111111, 111 111111111111111111 11111111 1111111
1111111111, 1 1111111 1111111111 1111111 1111 11 1111111111111111111111111-
111111, 11111111 111 1111111111 11111111 11111 111111111, 11111111111111
11111111 1111111111. 11111 11 111111111111, 111111111111111 1111111111111·
1111 1111111111. Syn 1111, 1111111111111,111 111111111111111 1111111111.
Po 111 11111111 111111111111111111111 1 8111111111, 11111111 1111111 prof ·
sorem 111111111 11111111111111 111111 111111111. 0111111 11, 111111 po 11111 11-
1111, 111111111111111 1 111111 1111111111 1111111111. 11111111111 1111111ι
1111 1211111111 1 1111111, 11 111111111 1 1111111111 111111111111111111111
1111111111 111111111111. 011111111111111111 111111111111111 11111111111111
111111111111111111 1111 11111111 1111111111 1111111111 111111111 1111
1111111111 1111111111,111111 1111111111111 111111. 811 1 1111 1111111 11-
11111 111 1111 11111111. 111111 8111111111 1111111111111111111111111111111-
11111111, 111 1 111 11111111111111 1111 11111111. 01111111 111 11111
1 1111111111111 11111111111111 111111. W 1111111111 1111111111 11. 1711)-1711
1 111111111 1111111111111111111 1111111111 „Pro 1111 1111111111 11111 111·
11111111 ex 11111 Μ. 111111111 11111011. 8“. Do 11111111111111, 1111111111
1 1. 1. 1111111111 1111 11111111111111111111. Μ1111 1111111111 1111111, 111 111
111111 111111111, 1111111111111111.1711-1712111111, 11111111111
1111111111 11 11111 1111111111 111). 4 11. 8. Μ1111 1 11111, 1111111111111 111-
1111111 1. 1738-1739: ,211111111111111 11111111 11118. 1111111111
1111111111, 111111111 1111111111 1 11111111111111111111111111111111.
(111111).

¹⁹⁴) 1111). 111111. conv. 111. 11; 111. 11111111. 11111111 111111111111111·

111111. 1. lx 111. 427; 11111. Caes. 110111. Petrop. 11111111111111. 011111.
81111. 1891- 1892.

¹⁹⁶) Rkp. 1111110111. vol. 11; 111. 11111111. 1111111. 1111111111111-
1111111 1111111111 1111111111 111111. 81111 1111111 1 1111111111, 1111111

 

