γ 182 mamam.

33131, 1ο 13313331131133131131 133313163 13313331311311 3131 3313333 3331111
1 3331111313 3 311333313 33331 31131 313331, 131 3313313163,31313113131313-
13313333311, 313331. 1133313131133133313133 rodzai 33333. lunago 3313313
11313 333333 3313333333 3133331331 33313333331, 3133331333 31313, 33333313
3313113333] 3313133133 3133131311 3333131131, 1133133331 3333 3331333, albo 131
· 113133 1313333313133131313133313313113313 1313333313 1331333131, 3333331311,
1333311, 13311, 331111 ingres do 3131133 113133131, 3313 131333331331313133111
3 33333131 1 13313333331 3333313313131. ’131 313 131313, 31333131313113131313
3313131333, 13133133113. Α 31313113 11313363, 313 1333113333 1313311311 33331-
11333 3133313, 331333333 3131333333333133613133,13133133 333311 33331313
333 1ο 3 313113333ὲοὶ 3113313 133311333133, 333313, 333 33331 3 33331313113111
33133331 1331113331, 3331313, 1111113,13113331. 1313331333333331313, 13 ro-
13133 2333331131, 3133333313133 1313333313. Μ133ο31313 33133331, 1313 3313-
1333313 3133133111,31311313131133331311311 33333331 13333331, ο111313333331
3333313313331. 113331 31333333, 313 311313 33313333 33133313 333311131 33
granica, 113 13131333313 31313331, lab 333331 13 131333 3333331331333333 go
1 311333 3333333133ιὶ 31333311, 313333 33133333 13311313 3133313131 3333331331.
0111331333313131313, 3133313331313 13311, 1313313311 113311 331333333133
3333331 3 31313311, 3 3 331313331331 3133313 1 31333131313 3113, 3133131313
13333, 3113 3131333131 3313313331, 313 jadon, ala 11113 31311313 3333313163
33133333 13311313. 113113 33331331 3131333 333333, 3133331313 1333333 3 133-
1133313 131) 3 1131333313 3 3333333331 113, 3333133333 33 3313311331] 13133 3311313,
33333311311311 31313133331 313133131131, 11133 333133333 1333131313, 33131331,
3331331, 333313 „captandae benevolentiae 3131131 1131333133 33331333 313 33·
33313311 31313, 13 33313133113331, 1 313 311 333331 333333131131313333113113
3313111 3333133133 31363, 333313313333311 3133313131133131331333 33333· 13-
13133331, 33 3313133333131, 3331311331 333331313333 3133133111 3331313113] 13133-
1333331, 1331113 311333333311. Κ133311133311 131 31333133313 1313 31311633 333333
1333331313-133 333333133313 3331333363 13 31313311 11313311,3133333333313
3 3313131 13133163 31313131311311, 333333133313 3331333363, 3313333333 11313
3 313131331331313131 1 3333333331 13331331. 111131 313 313 33133331 sam 3 13313133
3 31313311 1 1313311. 011331313163 3331333333 313331 3331333311, 3 3331313-
1333 131333, 131311 313 331311 333313313 13 333133331331131 3331331313 3311333333
331311 333333· 31131 331333133 31313 331313, 3333311 313 33133113131133131333313
33313133113 3113331131, 3311311 31313131 33 113113 31313331 1313133311 3 Ζ33331313
13101333-1333113 13313 33311131 1331313163 131) 33333131331311313 Kra-
13313-131113131313131313 333333313 33333313131 3131331133 33331333 3 333·
1333 131333 11331363 3 333313 3311133333] 3 nim 31313331 1 311333133333313331
33311313ι 1331313163, 313 1313 33333313 33333 33 3131331131, 113 33 333333113313
3313133, 133 3331313 33333133333. Ala 13 1 3 131 33333133333311,313111333 3131133
333333333, 13 313333 33 331113Ζ33331313131 01333, 33131311, 3113333133333
1331333331 13311 31131113 najmnlajsza 1133313313, 1 33 313 313 33333111. Ν3131313
, 1313 33333133 133313331 333313 33331331. Ρ31ο13131, 1313313 31313 1131331313
313133331131 31313 313 33133313 3 1313313333 33 3131133133 33333313 333313
3131331113 33333333331, 3331313 33133 13313133, 1 313113133313 3333131313 313331
11313311 0 dabra publicana 3131331113. Ρ33313, 13 33 reforma 3133133111 33-
3133333 313 3 3333333333313 13313163 3 1333133113 3331333331 33 13133133
3133133311, 313 13311313 13 113 31313131333333, 33133333311331333313131313
31313333131313311, 3 313131331631 zaja& 333333313313313131311333. 113331

 

