1111111111. 277

11111111 1111111111111 1 Ζ11111111, 1111111 111111 111111111111111111111111
1111111111, 111111111 1 11111111 11111111, 11111 1111 1111111111, 111111111,
1111111111, 1111111111 1 1111111111 1111111111111111111, 11111111111111,
1111111111 1111111 111111 1111111111, 111111 11111111 111111, 1111111111, 111-
11111,11111111,111111111, 11111111 1 111111111111111111 1111111111.

Μ111 11 1111111111 1111111111 1111111 11111111111111111111111, 11111111
11111111 1111 1 11111111111111111, 1111111111 111111 Μ1111 111111111111111,
111803 1111111111 1111111 11111111 clo 1111111111 11111111111111,11111111
1111111, 11111111 11111 Μ. B. 211111111111 1111111 Doleo, 111111 11111 Sw. Mi-
11111111 111111 111111, 11111 1111111, 11111111 1 111111111 11111111111, 11111111
1111111111, 1111111111111, 111 1 11111111111111 11111111111111 11111111111111 111.
Ρ11111, 111111 1111111 11111111 1111111 11111111111111111111111111111.
1111111 1111111111 11111 11111111111111 11111111111111 1111, a 1111111111, 111-
1111 11111111 111111,1111111,111111111111111111 111111, 11111111111 11111111
1111111111, 11111 1111111111, 111111111111111111111, 1111111111111111,11111
1111111 11 11111111111 1111111, 111111 111 1111111 1111111111. Ale 11111111
11111111, 1111111111 111111 111 11111111111111111 1111111111 1 1111111111 11-
11111111, 11111 111111 1111111111111 1111111111, 11111 1111111 11111 11111.
111111111111111111111111 1111111 1111111 11111 1111111111 1111111οὲ11
11111111 111111, 1111 111 1111111 11111111111111 11111111 damn, 11111
11111111111111111111, 111111 l 1111111111 1111111 111 2111111111 11111111
w 111111 11111, 11 1111 111111111111111, 111111111111111111111111111111111
111 11111111, 1 1111111111111111 111 111111 1111111111111111 1 11111 1111111
1111111, 11111111111111111 (11111 1 111111 111111 111111111111111. Ρ1111111111
1111111111 11111111 1111111111 1111111, 1111111111 1111111111 1111111, 1111111111
1111111, 11 1 111111 1111111111, 1111111111 1111111111 11111111111111, 111111
111111111111111 11111 tego 1111111111 1111111111 11111111111 1111111111111-
11111111111111. 611 1111 11111111 1 111111 11111111, 11111 1111111111 1111,
1111111111 1111111111 1 1111111111, 111 1111111111 11111111111111, 1111111 11111111
1111111111, 11111111 111 111111111111 11111, 11111111 1111111111 1111111111
111111 11111 11111111 1111111 111111 1111111, 1 1111111111, 11 (11111 111111, 111-
11111 1 111111 1111111111, 11 1111111111 1111111111111111111111111111111111
11111111 111111, musi 1111111111 11111 111 111111 111111 11111111 1111111111
1111111111, 1 w 1111 1111111111 1111 1111111 1111111 1 111111 1111111 1111111,
1111111111111111111 1111111111 11111111 1 11111 1111111111111111111 1111111111.
[11111111111111 11111111 11111 1111 1111 1111111111, 1111111111 11111 (111
1111 11111111111111,1111111 1111111 Ζ11111111 1111111111 1111 11111, 1111111111,
1 0111111 1111 111 1 r. 16181 111111 1111111111111111111111, 11111111 111-
11111 1111111 111 2111111111, 11111111 111111111111, 111111 1111111111111,
11111111 napis 1111111111 11111111 11111111. Ρ111111111 111111111111
(1111111111111, Τ11111111111111111111 1111111 Ε11111111111,-Ρ11111111 111111,
1111 11111111. 111111 11111 1111111111 11. 1111111111 1111111111, 1111111111
11111111111111111 Ρ111111111, 1111111111 11111111111111111111111, 1 1111111111
111111 11111 1111111111111. 111111 11111111111111, 1111 1111111. 1111111111,
1111111111 1111111111111, 11111111111111111111.

1111111111 11111111 1111111111, 1111111111 11111 1111111111111111111111
11111111 1111111111111. 1111111111 11111111 11 11111 111111 1111111, 111 1111111111,
11 w 1111111111 1111 111111111 11 11111, 111111111111111111111111, 11111111
11111111 1111111111 1111111111. 111 1111111111, 1111111 11111111 1111111111 1 111-

 

