1101111001. 245

¹⁸⁸) 1111. Aeta he. 0001101. 11; 111. 11010011. (praesta 1001000011.
00111. 10110100 1100100110 0100110011. 81000. 1001 -1001 011. 170. 111011 110-
11101111011100001 0000100101111 011011, 01010011010001010 00 0001 1111010-
1111001000110 11000, 11101010011010100100111011οῑ 111010 11010111011100-
satago 11-11111010111, 1101000100 01100 1 1101010010 11010100011010 01011101,
10101000. 01010011001010011 1000101101, 10111010 011010 011101011010100011010
1100 100101 0010110111100 1 1010100 1101000100 10010111 00101001 0 1010011
1. 1772. 111110 0010101 0010100111 011011110100100001 11101 0101100111 10001011.
Po 1010 1010101 010100110 10001010, 1111010110100110 10111010111001110010·
11101111 111001010 sip aojmowao' 10100111, 0 prowaoh swoioh aia 1010001010 ao
do 1001010 11010011, 1 010 00110 1010 11000 0110, 1010 16 101111010110 r. 1783
11101110 10 00 01010110 100110010110111111001000111110). 110. 1101000110,
011110101 01111 1010101000-00011010101 1 10010010 1100101011 11010011001 w r.
1782 1010110110 10100111 0101001011 0 01100, 0 01001010111010 11100101 010010.
Βο10100011 0000100111 1 1010100 101101011011 01101101 11101010011010011101
1011111101 0100001 10 1001011010010101011110011011. 11001 1101000001οε
110111 110010111011 1 10100101 1011111 00 00111,01000110111001010101011011110
110100. 11100010οῐ0 01010110. Z 100010 1111010111 01111 01 Locha, 10111 0111-
10101111001000000 tp 011011 10 101010010010 011 1 1101001011ηο 10101 011011
1010010100, (11010010 Da, t. 1 0. 01010001101136131). 111101 1101·
0100011, bedae 1001010 0 01010011 1000101101, pare 1110101 1101100 (1011010100
01111011. 1. 1111 atr. 444).

’141 1111101010.οοηο 101. 11; rip. 11010011. 0000011 1001. 000011.
0010Ρο1101ῡο Ecclesiis 010. 011000. 81000. 1091-1092.

'⁸⁶1 1111. Aeta Aa. 0001. 101. 11; 111. 11010011. quaest.

¹⁸⁰) Rkp. 1010110. 0001. 101. 11; 111. 11010011. 0010011 111. Lib. 10000.
Sem. Ζ... 111011 010100110 100101010011010100011010 000100111001001100·
aega, 11010101011011 1 nich 1001110 1000110οό 00 1010111. 101 11101 100100-
0110, 101011 1011011 0101100011οό0 01010011,010100000100111001111 01010011
11110010, 0101010101010011 01101101 Μο101011010 110001011010. 11101010
00111111 11010001001, 010 001110 01010011 010 1101111 Ι 10001011 100101 00001
0100110 1110101100 (patra 01101 10 0101100100 1811. Ale Laskoarski, 1111010
1101001010 1 0000011100 011110 10 01010011 00 11010000, 010 0101 sip 10100.
11011001 111110 0 01010011 0000010011 1 0 0000011100, 101010 101000100-
00111010, 101110101010 000100111011010 0 010 000010 0010οῑ ,1010010010
0100011 10-0 0000 0010110 000001100 7 0011001010 1764 01 mensam seminarit
hommensis, plana 101 00000 scholas 0101110 10111 01010010 00110101101010-
00000001 101 00100 0000 011100100 0010110 Tonsorem 014010. Ordinem
0110101010011010, grammaticis, rhetoricis 01 philosophicis heae 01001100 001, pro·
00100 0110010 001101011010 hoc Zamosoeosi 01111000 10 111100011101001010.
hono Domini 1761 10011000110000 1100110010 moribus 0100110100110001111000
instructae, 00000100 0010110000100 scholam 011110110111100101101101011010ιί
(111. Lib. 10000. 80011. W 1110010110 010010, 01010011010111011 1100100-
ieta 011101010101000000010 000101 11010οο110 110 010110 011 110 1010011
01101101, 011101110101010 1 0100 10010011,

¹⁸⁷) 1111. Aeta Aa. 0001, 10111 rkp. 11010011, potesta 1010 0. Ζ. 101. 111;
Estreiahor: 1111111011. t. tx 011. tot. 8111100011 00101011011010101011011 1101-
0001101 1101000110. 0110011110 10100010 10111100100000101110110001
10 1010101001101100, dabra i 10111101 0000111101 01010011 00 0010 00110100·

 

