11111111. 108

16661111616161 generalium 1111111111116111161111116 6161161611-16 16161·
611 6111611111 11111161611-111-166111611 suae 161116111111111111161116-11116
S. 11166111 praebendulam: 11 1111611 1111116, 1161111111 6111 1111161111 1161111-
161161611116616161611166666611-1616161 earum vindicando: cultum 1161
propagando, Sanctae 11616111611666116111116-111111611 percupiendo: saluti 161-
1111111116-16166 serviendo 16 proximis 6111111116-11111-61111611611111 .....
111111 peccatricum 1111166116 116616611116 creatoris 111-11161). 16... (116...
1161111... 1661111-1111111 tubae Dei sonum 1111611611161“. 111 1111111 1 11111·
116161 111 11611, 1111 11116161, 1111111161 16 1616161 S. Μ1161111 111 prebende,
11611θὲ1111 1111661111-1611111 1111111111 sohte 1116161111 11 11611116 16616
116 116.

³⁸) 11161 1616111611 Dr. 0. 1111116124 1161161611 11116111 (1111.
Album stud. A, Ζ. 161. Ι). 21116 ele 16 uie 111116 1161111 w 1111161111 1161111-
1116 ste 16111611 werde 1161666111 11111 1111111111 1111116111 1111611616 ped
1111111111 w r. 1639, 111 1111611 1611111111 1616161161 111161 1611111161 11161616·
· 111 11 11616111 11616 1 1. 1648 (1111. 161611.1.,16.11 1711116111..
16. 116, ker. 96).

⁸⁷) 1116111111 611111111611,11661116161 8111111111 1116611611 11661111
1116111116111111 11161111 1 11111111 111111611111111 16 81611111 1. 1630
(Ar. Kone. L. 161. ΙΙΙ, kar. 122). Po 11116161 8161111661111 r. 1638 11661111 pre·
16111111 1611161111, (1111611. L. 161. 110, kar. 146- 1411 1 do 1111616111
11111111. 1161111111 861611116111 61111111 11 1. 1662 po 11111611 1161661111,
111166 1166111111 11 01161111-11111111. Ζ 111611 6111111611 1161116111 1111116161
11661111 8111111111 11161161 1 1116161 616111 11111116111111116166111116
1111166111. Τ1111111611 Critias 1 116611611111111611611 11111116 1116111111
pe 011111 111111 11161111. 8111161111 1116611111116116161161616111 116111111-
6111611 16111111 1111111611 11 1111111111 w 11161161 11116111 1116111161. Β11 61
6111111161 61111111, 1661 111 1 1111 166166160116 11116 111661116111111111 11-
16111161 1 1116166 161111121161111616. Ρ6611161 11116 1161611111 1116111·
she, 1116161 161616111111611161 1661616 111161 June Ζ11161611616 111616111 1 161-
mene 66611111 1616111611, 16116 1611616 116 111 11161116 61161111161111.
11161 1111161611, 111011 1111111111 6111 14 61611161 1. 1611116111 1661111611 111111
1111161111 1 1. 1611116116111111 1111111 1111161611 1 1111111616 1111161111-
1161111 16111111 1616111111 1116111116 1 111616 116111 11 1161616116 16161611111
61111111 11111611111161111 eae 1111116161 1111116161611,11116111111 611111616-
11616 praed 11161611 161111 (Ar. Kone. 1. 161 110, 111. 86 - 90, 161. 150, ker.
124- 1263 1111. Leges A, Z.).

⁸⁸) 1111161 1116116611, 16111111 116166161116 1111111611, 1 1611611 1161161
1111161111 1111111616 6111611111 w 1111161111 1 kapitulo, 1111 61111611111111611
11616111 11161116 1111111. 111111. 1634 161111 611111 1611161611, 1116111 16161
1611 111121 11161111 1111111 do Ζ11161611 1111111111 IV 1116111111111
1111161161 1 1161111161, 611111111,1.1.1111122 11161111, 111166611111111
mu 1161661111111611111111 1 1161111 1111111616 1111111611. we 11161116 111·
61111 1611161111116 1111111616 111116111616 11116111(11111111611116161611111161
111161 Ζ11111111 ΙΙΙ) 66 16161 11611111111111111, 11611 1 111616111111111 11111611
66 tego 1111111, 1 161 11 16161 1111116111116 1. 1634 11 1611111611, Ζ11161111166
1 8161611166111 1111611 16 1111111111 (111. Album. 8111 111. 2., 111851. 016-
16 1. 1638 1111611161 11 1111161 16111661 (111116). 1116111116 1611111 tam 1111111
1111111, 1611 1 1. 16301611 11111 16111116111111116111 1111611616 ped 1611 11-

 

