1221112111. 229

1111202012 0011111222 M. 11201011 011122 adhibito 001211101).1).110122201111
ι2112101011 utriusque sententiae, determinet 2100111101 ouret“ (121112), 11121210
totto wpnowndtio' 10111021111 1101011212. ,121121011111 1122111010. Ζ12-
01111112 12021012 12 121 11112 1112211211, 102121 monne 1210220221112112110-
wodnooo ntekttre 10111021111 2 tego przedtntotu. Ι121,1011.177311 1111211201
212112011112111110111211121112112, 22 2211120010 „nd 0112111 121118212121 12-
121010 1101220111 (211.)1,(11.)19“ (111. negent. Quaestt. Annowu ped r.

17710 121101112 1111211121, 21211112 211 ,2211020111 (111121 01011221 teget
1211.101)“ 1 22122 12121 π121110201110212111212 Cl-mo Μ21121121100 (211121
1121122). 1211211221111011 2111212100212121111 2210121121, 1112101211 1221
1212 121101 21101111 211 11211210 1 121121 1121011 1121 1111121212 12111210, 12202
101222022112 2112111012. Τ111211211,1“21 10 211 02111 1 122 10212120102212, 12
12111210 1122221221101 1011102111111, 211 1111121212 11211210 211 1121011 2010-
)2121121 112111021202121, 112 1021220120 112112211221101 111221212110111222
10121 1011212110101 11021101 1110112111 221011101, 10202121101 10121· 2112121111,
2121210101 1121112 10121 1101220112 101 nezelon. Ρο101112212021212211
2111101111 12121210 12121212 11111211 011022012, 22212212 01 1010111 jun
XVIII w. w 21122101 221121201 1201011101 1121011101, 1121121111121Ι 101112-
1101 112211101111.

¹⁸⁴) Rkp. 11212 Ao. 1101210111 rkp. Regestr. Quaest3 Acta c. Z. 101. 111;
1211210121. 11111011. t: 111211. 267 1 287.

⁸⁸⁸) 1111. Acta Ao. conv. vol. II; 111. negem. Quaest: „Aeta 6. Ζ. vol. 1113
Estrotoher: Binnogr. 1111 211. 262 (1112211211) 1291. mnenon 1012111200·
21122101 2121211112 2210121101. 0110122212101210111121102211 1 111111-
21111 21210211 111111 2121211111 1 0210111112111111, 11112 101222012212-
12111112111111 1101021212110 110101 1210101110, ponto 121221101111212.
Ρο112121 1211211 2111. 306 2 potem 500 211. 1002112. 10022121 211 112121102112
1012111211, 1202 21210111 2021 112 01121 1210210 1001010, 1112 10112 01112121,
11211212 1 22112112 2021211 2122102012 liceum zamojskiego. 1121101211 011122
22111 1101020121101, 121111 102110212 1102 0100111211, 021101111122 2 1121112
212121111101, 1211112 02121011221 1111121211, 021 2 12121201) 1 10111211 102-
1211101, jaloe 211 01110211 celem znpronadzentn 1012211011 21212111 po jej
reformte z 1. 1746. Tale, 11211 111121111 2121211012 1121220110, 2 121 11121211
112 11111 eodone 22212111101021121011, 1121101211 1111121111 202121 w r. 1771
1210111011120121111111210 12120101. Ρο1121011211111211 11111221111121112
12112111110110101212202112 1 2111220 1001011 21212111 1112110211 (patre 111221
22 0121120221 117). 60 2221121222, 1222022 w 1. 1718 202121 1111121111 12
1121122210 10210222 2121211011210, 1111 10 tego 02220 2101111111 02011210
2101101211 02111 11210222112111210. WedIug howlom notan 11212011101212-
1121111, 121121 11222 2210212212, 121101 0101111211 210110121112111110211121
,1111 11011212112112 Booten, quemadmodum immunitatum, 2112 2 8212 1102101102,
2112211212, 2112 2101121012 concessorum, 112112 012102 2210“ 1111111111212,
tennemonn). 1122211101 2110 1121012112, 2211211, pism 222112122101,
121101 111 1121022211 02111 12120101. 111211 n r. 1616 102120021000 2210211
„Acte convocationem consultationum eto.“ -121111 12101101 21122120010 121110-
1021 1101121211 1 112201021221 (1111. Leges. Ao. Z. 211. 69). 2022221111
01111011 2101111011 211 2211122112 11222 1121112211 1021011121111121111,22-
pleon, 2112111211 1111101, 1101012111 1121110101 1111, 121101 11211111 podotno'
0102122101 2101111211, 2110112111212120112 1011011021 1111210 2 2121221112,

 

