338

sundacyjnym, mimo 11613666 co 66 3131166111 1163631331661611 3 16-
3136163613 1616611661 311. 4, 5, 24, 98, 103, 126, 127, 160, 169,
170, 171, 208. 11161361 311113 631631 3136311111 11631 1131631611,
6133 3611361 113663 616133611, po bezpotomnej 36116161 311613 33-
163131613; 311. 105, 111, 126,127. 1116 311633316 1636161331611

1631136111, 166 3116331666 3111633636616 13163165 3 31616, 311. 110,
93,103,106‚ 117, 118,119,120, 150,159,166,167. Ν16 jasue,
1 dlugo ukrywane tytu1y prawne 316661 1106116663 31366611611611,
6161166131611363316 111333 33311611 31366611163 zaprzepaszczane3
str. 130, 144, 146, 147, 150. z'le 3611116131163366 661113 31366-
1316116,313,11ο 31313361 636361 33 3163111 1163116366, 63133116
66611661 313661311, 311. 97, 98, 98164, 165, 166, 172173, 174,
182, 184, 186, 298, 212, 213. Nieregularne wyp1acanie 1116663163
od 1311113163 31366611611311, 3 11131 31113616, 316133 po 1111611313-
316616 1313611 66166133361,ο11311136161161136 1116663163, 1611 111363113-
633316161133166166131361111113636363336 16363611 311. 127,
128,]29,130,131,164, 165, 201, 202, 208, 209, 210. Ν1661131-
3136 33131361166361 3136361131161 3 116361133316 111616336163 113
33161366 1316611, 311. 169, 170, 171, 196-199. 116111 1161111
3 31366611131613361 633361 111616336163 3 1163666 11161163131663116·
go 31636113633613,1116666361 3 3111316313616 661163161131611 1611-
6163163 na 111616336163; 311. 182, 232, 240,1 1133. 111. Ν1661131-
3136 3161161161 111616336163 3 3111363611, 6131116 3316633316 316
1161136 3111333311 po za 31366663, 3116633313 313 3663111613611, 1611
1636313313316 131661 bez zastepcy3 311. 135,167,168,181,182,
183, 184, 185, 188, 196, 203, 204, 212, 227, 228. 811611, 3113611
1 3111331 16336. 81161 11113631 16131111 2331613113 11-11111 6161163113
1 ’1631333661 2361613113] 3136111 33163161613 11 313633 331613611611
1136 3136611113, 311. 91, 92, 93, 94. 81161 6113631 31311631113311
1366613311116111[1663361161 o 36611313113616 331 86163131 1 jej
1166116111, 311.·97, 98, 99. 2311613136 1161633613 111363 3166611163,
311. 97, 101. 81161 1613631 6316133661 3136611111 1116 6111161616,
311616336133116611613131, 0 11161333663136 31161363 63 116316636-
313611 publicznych, 311. 106, 107. 811613131166111 3 [1613636316
3131111613 1 6161636131, 3 6131611661 611616131161 8316616113, 0 pra·
3311636611 3136666163 113 1163611613 6161336116, 116113611616
1136 3131163113, 311. 133, 134, 135, 136,137,138,139,149141.
142, 143, 144, 145, 146, 147. 811611 313661111163 6 311 33316361
66616663 31366311611611, 311. 164, 165, 166. 1133131116 316 31366·
611163 3 11113666 6631613613 1366611 3 1696113616 616 31366161·
161111 616313633613 1611111333 6313161611 3131111616, 311. 196, 197,

 

