168 1111111111.

(711 11 101 10107111 11111οη11 1011111111 11101 11010111 71111111 w 111110111101,
1101111111 171111101101 11101101, 111110 11701111. 111111111111, 01111 w 11-
1111 7101171011111101111· 11 1110011110117111 111071. Ze 0111711117 1701111-
1111710 Ζ1111101111111111111 11101 11171111 11111111, 17011 10 110 0101011111

111101 11110107 0110111101 1110111 1110111111 1 11111101 0710111 11717111 te
101110117011,10 1111001· 111 101111 2101010117 111111 011110 1111111-1111711
10. 87101117, 11011071 1111 23 1111011711. 1723 1101711101 01010170 1171010111
11011. 1110111171 1100 10 100111001101011101· 1111111111 110 1711 11110111110-
117011 017011017011111171111011117111101, 1 1171711011 110111011111 0111111101,
0. Ρ111101 7110101011 1)-1 1 11010001 S. 70070117. 10001170, jak 1117117111
0110 11111111 0 7111710111 11111171, ,11111111 11011111“. 01111011, 1010 0110-
11101 1111110111, 1111101 11011111 1101000111110101111 101111 1111711011, 170111-
117 eie 0 10110111 0. Ρ., 1 1117111011, 00 1110 11111011 110011, 0 11111111 0111-
11017. 11111110 11111111 1110 1107110 11 7011011171111 1 11110111, 01, 10101
11701101 01701111 11171171, 11010101 011110 1017101111, 11111107 01011110
11011111 117111710111, 7 1071117 11111. 0111117110 11111111. 1723110111101111
111, 1110111 101 10111 1721 110011111 ingres 110117 10 1077011111, 1110 1170-
111-1111711 7111111171 1110101011, 10 1111111110] 1100101 0171111111 1011011,
111 1111711111 1111110 1101111 01171011111 11011011111111111711110,111111-
1110171110 Utriusque et Medicinae 7100101, Μ11110100, Ρ1111001, 1101107100
01017111 professor 010.“. 111711 117 1101000101, 111111 1111111011. 0101111111
’1111011110 1117111171 111 1110111 101101170101111117 10 11111111110 empne.
111110 11011010 0101171111 11110 1011110111ωο 01111111010;1101 111 10711101
1170111011 1111717 01111111711111710111,11171111 11 1010111111 11111101111011
11712 01011101 173310111707171 eie 1111711111 1 upomuienlem 111 1111711111 10
110110 1111711110 01111011, 10 110007011111 11 1111701110 111111 11 10107070, 10
110 11111101170 0 10111101 w 101101111070, 11 1710111110111171,1111711111
171111 7 111170, 1011001111 10 11111; w 10101 1101110111 111101171, 10101011
101711011171170 1111011, 11171171 1110111110 01111110 1101111. Ne 11111110]
11111170117111 01171111 110111 1011171111101011110 11111111, 111 11111011
10111111111111111117 w kee'eIeIe, 1111117 1101111117 711).,101117111170117111-
11017111111171; 1101117010 11110 10 110111 10 1101111 (110111110117).
NIewiele 10 1111711170 11 011111111101 10 10101110110111101171111101111-
1111111;11111110 1111101117 071 01010111 117 sprewam! 11111171117111101117.
1711117217 11111 1. 1735171110). 171111700111117111171 1111117 1110100010 Ze·
1101011 ne 71111, 11111111 170111 11711, 11170117 1117011011110111 1 0111771111
111111011111111111701011101· 111111 10 111 0170117011 11111101 11011010110111
711111111010110111 1110111111. 7011010 1110111101111111011 111 10 2011011711
111117 11 1111101171 11110 1170701, 1 11111117011111; w Ζ11101071 1101011111 01
1. 1691-171111111711111 1110701, 11111110 111 1111111 111111171170111110,
10011110100101107111111111701170011010, 1101011111 001111 10 1. 171111 110·
0111710έό 11111111 1110110101οτ1 Β1171011. 1. vm, 111. 391--411;1.171, 111.

¹⁰¹) Wyezly 11111011 1101111010101171711, 11101110 110101 1110171101101
(1011070101 17111011. 1. VIII, 111. 480 7 487).

¹⁰⁸) 711111110111101111 101077 7101101111 w 21101071, 10 1 011011701 111-
00111111 1101011 110 1171 1011111111.

¹⁰⁹) Wojeleeh 1107111111 01111111 1111111 1111017111111111111111010
11 1111Ι 11111117. W 11101111 11709101111 1110171111 ,11111ιὶ0111 1701117111οἭ

 

