166 1661116111.

6166166666 661161, 666 661 16166666, 666 66666 61116616. 11666166166616161
116661 6666611666661 (6611616666 81611661. 1. VIII, 611. 362 i 3661.

⁹⁶) 1666611611,11616 6161 6116 immun, 11616616-1161616166,661 666661
11616166 1 1161666 6 Ρ161166611611. 16611 ponimur 1161666611 66661611611116161
16166 66666161 61661611 661616166, 6 66166 6611616 6166661 (6611616661161611661.
t. VIII 611. 362 1 3701. 1616161161 616 16166 0. Ρ. 1666666166, w r. 1678 661
1666666 6161666166 66616611, w 1. 1679 w 6616166 661 6161666166 666661 1 116-
1166111 166 6166661161 1666666 111. 16801 11 66666116 1. 1681 (116111. 166,
611. 16, 19, 23). 66666616666161.168166611166666616616666111661166611616·
6161 616611, 11616 61666 161 111616 1161666 1161 1666611166 6161666166 61616611
61661161, 6616116166 616666161161 w anos'eiu 6661661 616. 1066 (116. 1161616.
66616111), 61666666 66661616 666166661611616 66 6666166616 616616 Tu·
66611611666, 66666666161 11666666 61666666666 6161666616. 8616616 61616·
1116 6166661616 66166666666 66169 616666161. 1682. 1111. 1684666161 16166
166661116616166161661161, 666 111. 1686 6166666166 1166666116. 61116116, 6ο-
66166 1 66111116 166166, 6661666 616666161666616611611,6616166661661 6666
6666161116 6666161666. 1616 616616 w summani, wydelugowuuy 666161 6 kapi-
1616 1661116] 66 16616616 16611616 11 1616611 16891 1697, 6 r. 1694 julio deputat
66 11666661 1616666. 816166 111666666111. 1760 66661661 go 66 6666666 616-
1616-16616666 w 16166166 1661161. 116611 w r. 1716, 6616666666 6661661 61616116
616 01611, 616 1 616 66161 661666661 (11666. 6666. R„ 66111. 161166. 1890-1891.
116 ulcerosus 616. 016666. Simon, 611. 110, 1321 136, 1. 1891 - 1892; 611. 42, 48,
46, 69, 79). 1666611611 66666 6666166161166 6166116 1 16666661616611661666·
61616 6161666116, niele 666161 661666 6166116661 66 strom 166166161166616616-
gn 1166116116 616666616-1611116161616611616 61661166· 661. 1687. 16611, 11616 66-
616661 16666116 6616661666161 16111616, 6166666166 16666616, 66116166 6661661

161616166166611, 1161666166 6661161166 66161611, 666 6666666161 6 6666661666611
1666661 6166661 6666666166 1166666661 16611116 1166666 6661661166611611 1166·
1666166616616116666661161666111 16661616 1 66166 61161661666611 6666161. Zo-
61611666 1611116166 6166116, 61666 1616161666616 6166661616 66 16161616 66666·
6616166,6661666661116116611616 1 66661116 66 6161 6616666 1661616661666 66661-
nego 666616. W 66666611 6166661616661, 6166 666666 1611661611, 116666 66666·
1616666 6 6611666 6116611 6166661611 66 6161661 66166661, 66666166 66616 6616·
6666 66 1666611616 1 66 6666666166611 1661616661, 6666666616 6616166116 66
6666611 iub 66166166166661161 611616 1166661661 66666666 16611616 1616116·
66 66 66616611 66666611 Ina 1666 muiej 6666616666 6166666666, 66616666666661
166 11116611. 1161616 66 1666, 66 1666611616 61616 6161116 666116, 6666666666
661616, 6666611 666616 w 16166, 661616 61666616116 1 66616616166166116616, 66-
16666161 1 6611666 66616666666. 11161166 116166666111661166611 w r. 1706111-
661166616116611616, 6 66116616 16161666616661 66111 ,6666611666 6166161 hano
661666 eumque 666166 6666166 6666616666, 6 6616 minoribus 6166161611666-
116666 bouis 61 proventibus spoliatum, 6666111166 6616 6166161 666166616116666 66-
nudatum, 6166161 166666 666161161 16666661666661616616166,66161116161666
6661111616 omuibus 6616 ministris 66 66 6661116166, 61666 66661 qui 66 661666
6161166 6666 61616161, 116 66 utinm qui 6616611666 frangerer 66666 eiust&
1111661616661661,66616 Schola 6666116, Seminarium 6161166166 6111161166, 616-
6166661166 6116116161. 1666 666 61666 1666611616 61661161 1 16616166616661611
6111666666 66161166, 61661 616166 1166666611 16161616 16611666. 116666, 616 66

 

