1111111111. 201

111111, 1111111 111 1111111111111111111111111. 1111111111 1111111111111111111
1111111οέ11. 11111111 1111111111 111111 1111111, 1111111111111111111111111
11111111 1 1111111 1111111 111111 11111111 11111 ’11111 1111111111 11111111
21111111 111111 1111111111 1111111111, 01111111, 1111111111 1 1111111111
1111111111, 11111111111111111111111,11111111111111111111111111 11111 111111
1111111111 1 111111 1111111 1111111111 1111111111111111111111. ,111 1111-
. 11111 111111111 111 11111111111111111111, 111.11ο1111ο,11111111111 111-
1111111111 111 111111111111111111111111111 11111111-111111 111-11111111111
11111 1111111111, 1111111111 ’111111 111 1111111111111111 11111 11111111-
1111111. 111111 to 1111111111, 111111 1111111111 11 1111111111111111111111
111111111111111111 11119 11111111 17111. 111111111111111111111111111-
·1111111 1111111 1111111111111111111, 11111111111111111111111 sie 1111111
1111111 1111111111 11111111, 111111 1111111111111111111. W 1111111111-
111111, 1111111111 sig 1ο 11111111111111111111 1111111111 111 1111111111
11111, 1111111 1111111111, 1111111111 11. 1111111111 1111111111111111111111,
1111111 111111, 11 11111 to 1111111111 1111111, -11 1111111111 1111111 1111, 11-
11111 11111. 01111111 1111111111 1111 41111111 1111111, 111 1111 1911111111
ι1111 1111111111111481 1111111111 1111111111) 1111111111 1111111111 111
111 11111111 1111111111111 111111111-111111111. 1111111111. 17191111·
1111 111111, 111111 11111111 w 1111, 1 11111111 w 1111111111-11111 1111111
1111111111, 111 w 1111111 111111111111111-1111111111111111111. 811111
111111 11 11111 11111111 1 11111111 111 111111 11111111111111111 1111111-
111111 111111, 11111111111111111111111111, 1 1 111111 111111111111111111
1 11111111 111111 sie 1111111. - 11111111 11111111 11111 w 1111111111, 111111
111111 1111111. Co 1111111111, 1111 111111111111111111111111 do 1111111
1111111111 1111111111 111111 111 1111111, 111 go do 111111111111111111
1111111111, 11111 1111111111 11 111111111111111 21 11111111114911111-
11111 ,1111111111111111 esso duxit [1111111111 Ρ111111111111111111 111
protunc Rectorem 11111111111111, 1111111111 1111111111 111111111111111111 ”
1111111111, describat 111.ᾳ 2111111 111 1111111111 1111111 111 111111, 1111111-
111111 w 1111111111 1111111111 1111111111 1111111 1111111 1111111111
11111111 1· 11111 11111111111 1111111111 1111111111 1111 1111111111 11-
111111 11111111,11111111 1111111111. 11111111 to 1111111111 1111111111-111
1111111111111111111111111111111111111.1

11111111 1111111111 1111111111 1111111111,1111111111111111111111111
1111111111, 111 11111111 1111111111 11 1111111111 111 11111111111111111 1111111,
11 1111111111 11111111 1111 1111111 »1111111111111111 111111111111111111,
11111111111111111 11 1111111111 111111 1111111111111. 11111111- 11111
1 1111111111111111 111111 moze, 1111111 1111111, 11 21111111 1111111111
1111111111 1 1111111111 1111111 11111111, jak 11111111, 11111 1111111111 111
1111111111 1111111111 do 1111111111 111111111111,111 111111 1111111111
11,’ 11 1111111111 111111111111111 1111111 1111111111, -111 111111 1111111
11111111 11111111 do 1111111111 11111111 1111111111111, 1111111 1111111111 111
111. 1111111111 1 pare 11111111 1111111111 1111111111 11111111 1111111111
1111111, ο 1111111 11111111, 0 1111111111 1111111111 1111111111111, 11111111,
11111 1111111111 111111111111111111, ο 1111111111 1111111 111 11111111 111111
11111111 1 1111111111 11111111 111. 111111111111 11111 111111111111111.
[1111 1 111 11111111 11111111 1111111111 1 111111111111. ’0111111111-
tnlego 1111111111, za 11111 ’1111111-111111111 11111111 11 11111 11111111

 

