339

198, 199. 80010 0110001011 1 10101011 0110101111 1 1010110101 1011000-
00001111011010 0 00111110 2011100010, 011. 183. 1101011110 0100011111
0011111000 01101 11011 1100101000 0001 0100011111ὁο 0101000 0 01100
0110101010 1010101000000001000111101000001100 01101011 0011010;
sir. 191, 192, 193, 194, 195, 196, 197, 198, 199, 200, 201, 202.
203. 80010 010001011 1010010110] 1 1101000110] 1 10101101 0010110-
11111000011011 1 000000 01001010 01101 0010101011 01000101100
1100010 011. 212, 213, 214. Κο000110000 S. Jana Kanteg0‚ 011. .
183, 213. Ν1010οο0010010 0100011111ὀο 0000010011 100010000οηἰο
0101010011, 1 0101110000 00001010ῃί0 01101 01010010011 101001 010110-
1111011011, 011. 235, 236, 237. 20110110 100110 0 010001011 00
0101001010 1011110110 11010, 011. 238, 243, 254, 255. 1100001 do·
0110000 1 0011110100 0101010, 011. 207, 252. (10001010010 01101010-
0011100 010000111, 11000010 101001 01101 010100001ὁο; 011. 251,
252, 253. 11000010 010000111, 011. 267, 268, 269, 270, 271, «272.
Κο011010 1011001010 1000101101. 8011001010000οΚ10-
11101100 VIII Pap„ 011. 29. PrzywiIej fundacyjny 0000 011011010-
1001010100110101 00061010000111 1010101010010111 1)-0001101111011000
(101110110011000, 010010100000 0001010061010010 000001011ἰο 1110011
01010100, 011010011 1011001100, 0011110 01101000100, 1 011001011ὸο
1001110; 011. 29, 82, 83, 84, 85, 86. Przywilej Zygmunta III
10101010100000 00001010 01100110] 1000000100, 011. 82, 85. Breve
8011000110 XIV Pap. 01101001000 010010 00010111οΙ1όο 0101010-
01-0110100001, 1000111 100 01010101111100011110111 10110101000010
1 0100101010 011. 30, 88164, 191, 192. 10000000 0010100010 0110·
01001010000111000111] 010011010, 011. 87, 88, 181, 188, 205, 206.
80000000 0100100100οὶ, 011. 106, 164. 1101100000 8001010 Wi-
1010001110, 011. 205. 1101100000 1010011010, 011. 163. Symbolum
1111111110. 205. Kaplica 1111111111 S. 1111111111 przy 1011101111
1 010001010111 1 01011000001101111, 0101101111 0 0001100110011010101010·
100, 011. 89, 104, 105, 257. Κο01100 10000101010 Ρ1101010010010
Panskiego 0110 1000010010 1 0100010100, 0100000001101111, 0 0 po·
01100110011010110011 0101001100 1000010101101, 011. 126, 256. 110011-
00010001111010(0.1011011001000) przy kollegIacie, 110001οη001,
0 0 0001101111οο0 0101101111 010 010001011ὁο (00111001010010101
Ρ110 1000011 1001100011 01050000 δ’. 110100, 11100100 1110100110,
11100100 1111000000 1 1. 0., 011. 195, 273. 11000001 00 101000
01100 Ν. 8011, 011. 164. 1100000100 0101010 1000101110, 011. 163,
164. Ν1011610 legata 1 000100100110 010 1011001010 10111000, 011.
58, 50, 99, 100, 150, 1511118163, 164. 1101000 1001101110, 011. 2,
3, 86, 87, 93, 110. 0000010010 100110100 00001010οῑ 0 010011010

 

