76 1111111111.

1 1111111 1111111111 1111111111 1111111111 81111111, 11111111 1111 11111111
1111 111111 1111 1111111 11111111, 11111111111111 11111111 Ι111 111111 1 11111
1111111111, 111 11111 111111 1111111111· 11111111, 1111111111 1111111 111111 1111111-
11 1111111111 1111111111 Ι 1111111111. Ρ111 1111111111 11111111111111111
1111111111111111111 1111111 1 1111111111 Ζ1111111, 1111 1111111111 Propon·
11, 1 1111111 11111 1111111111 1111111111 1111111111111111111111, 11111111,
1111111111, 11111111 1111111111 Magistra 811111. 1111111111,11111111111111111
1 (11111 111111 111111 1 1111111 1 111111111111111, 1111111111 11111 11111 111
111111 81111111 1111111111 11111111 11111111 1111111111111111111111111-
11811111111 1111111111, 1111111111 111111 11111 20 8111111111. 1181, 11-
1111 1 1111111111 1111111111 11111111111, 11111111 111111 11111111, 1Ρ1111-
(1111111111 111111 0111111111 N. M. P. r. 1181, 1111111111, 111 111111111-
(111111111 1111111111 1111111111 11111111 11. ’1111111 11111111 1 1111111,
1111 1111111111 1111111 1111. Status, 01111111). 11111111 1111111111
1111111111 1111111111 111111111811111111 1111111111, 11111 111 1111111111
11111111 Magistra 81111111111111111, 111111 111 111111 111111 11111 111, 1111
111111 1111 1111111111 11111 11111111. 11111 1111111111111 11111111111594
1111111111 VIII 111111111111111111111111111111111111111 (111111 w r. 1600
1111111111, 1111111111 11111111111111111111111111111111111111 11111 11 1111111-
1111111111 11111 1111111 11. 1111111111.11111111111111111111 1111111111
1111111111111111111. 1111111 11111111 11111 11 11111. Ρ11111111 11111 111·
11111 1111111111· 11111111 1111111111·Ι111111111 111111 11. 1111111 1111111111,
111111111έυὶ1 1 1111111111 1 811111111111111. 811111 1111111111 1111111111
111 111111111111111, 11111111 11111111 111111 111111111,111111111 1111111
111111. Nie 111111111111111 111111 ρ1111111111,11 1111111 w r. 118911111-
1111 11121111111 8111111111 1111111111 1 1111111111 111 1 1111 1 1111111111-
111 1 111111 zIp. 116, 1111111111111 111111 1111111111 1111, 1111111111111 111-
111, 1 1111111 1111111111 1111111111 111 11111111 ,11111111 111111 1111111111
1111111111 1111111111 11111 1111111 11111111 1 1111111 111111111111
(11111111 11111. t. Ι r. 1882 111. 1181119). 11111111111111111111111·
11111111111111Ι 111111, 11111111 111. 11111111 1111111111, 1111111111, 'Zdol-
111 1111111 11111111 1 11111 11111111 111,11111’1111111111111111111 1111111 11-
11 11111111111111111111 1111111 1111111· 1111111111, 11111111111111 1111111
11111111, ale 811111111111 111111 11 111 1111111111, 11111111111111111 111
1111111111 1111111111.

111111111111 11 1111111 (1111111111111 11111111 1111111 11111111
111111 1111111111 1111111111 1111111111 1111111111· 11111111 11111 16110 111111
1111121111111111,1111111 1111 1111111111] 1111111 111111 1111 11111111
11111 1111111111111111111111111111111 1 1111111111 11111111 1111111, 111111 111-
1111 11111 11111111 11111111 111 1111111111 1 11111111111111111111111111111, 11-
111111 (11111111111111 1111111111111111111 1111111111 111111, 11111111 111111
1111111111111 1111111111 1 1111. Lib. 11111111.9-17,1111111111 rkp. 111.
1111111, 111. 1-711111 1111111111

,1111111111 Αο111111112111111111111.“

sigismundus 111 gratia 1111 1111111, Magnus Dux 1111111111, 11111111,
11111111, 1111111111, 8111111111, 11111111,1111111 81111111111111111, 11111111-

111111 REX.
<I 8111111111 praesentibus 11111111 Nostris quorum 11111111 1111111111 11

- Singulis. 1111111111 ad Nos 11111111 11 111111111111111111 Zamoiski 11 2111·

 

