1111111111. 235

1111111111111 1111, unicuique libros 1111 opportunos 11111111 1111111111111 cum
scitu 1111111111111 1111111111111111 accipere: ad 11111 effectum compingatur Liber ,
111 1111111111111 1111111111“(Τ1111). 11111111 1111111111 1111 111111111111111·
111111111111, 11111 1111 1111111111111111. 8111111111111111111 1111111111,
1111 11111111111111111 1111111111, 11111111 1111111111, liceum 111111111111
1111 1811 11111111111111 1181111111111111. Ζ1111111, 11 11111111 111111-
1111111 1111111. Co 11111111, 1111111111 1111111111111 11111 111 111111-
11111, 1111, 111111111111 11111111111111111111111. 11111111111111111111111
1111181111111111111 111 11111111 ,1111 11111111 11111111 1111111111,“ 111111-
1111111 1111111111111 1 1111111111 r. 1841 111 1111111 ,11111111“,-11111111
1111111111111111111111 1111111111 111111 w 111111111111111111111111111 1111111111
1 1111111111. 'sak 111111 11111 1111111111 autor: ,11111111 11 (1.1. 1111111111
1111111111 1111111111) 11111 11111 111111 11111111111121111111111111111-
1111111 1 1111111111111 1111111111111 111 811111111111111-1111111111
1111111111 1111111111 11 11 11111111111 2111111111 1 1111111111, 1111 {ch
11111 1111111* (stt. 1681. Ζ11111111111 11111111111111111 11111 1111111111
11111111 1 11111111111 111111 111111111111,1111 1111111 1111111111111111 11-
1111111111111111111111111 111111111 1111111111.

¹⁶⁸) Ι111.111111.()111.111.11; 111. 11111111.(1111111.; 1111111111181-
11111111. 1. ΧΙΙ 111. 364. 01111111 111111 1611, 1181111111 1111101111
1. 1751. 0111111111 101111, 1111111111, 111 11 1111111 111 111757, 1111111
1111111111 1 111111111111 1111111111. 1111111111111111111111111111111111
1111111111 1111111111 111 1111111111 111 11111111 1111111111111111, 1 111 1111
1111111111 111111 11111111,111111 111 111111 1111111111 1111111111 1111-
1111 111 1111111111111. 1111111111 11111 111111111111, 111111111111111111-
11111 1111111111 11111111111111 11 1111111 11111111111111, 11 111111 pros -
1111111111111111111111 111111 111111111, 1111111111 11111111 1111111111 1111111
11111111 1 1111111111 11111111, 11111111 1 1111111111 1 11111 1111111111 11111
111111 1111111 1111111111111 1111 111111 111111 1 11111 11111111111111111.
01111111111111111111111111111 Ι 1111111 1111111 1111111111 1111111111-
11111, 111111 1111111111 1111, 111111 1 tego 111111 1111111111 1111111111111111111
1 11111111 111 1111111111. 11111111 1111111111 111111111 w 1111 174111111111
1111111111111 1111111 111111 11111111111111111111111 1111111 11111, 11111111-
1111 1111111111 1111111111111111111111111111111 11111111111111111 1111 11
111111111111111111 1111111111 1111 1111111, 111 11111111, 111 11111111, 111
111111 11111111, 1111111. Ν1111111111 111 to 11111111. Ρ111111111 1111111111
1111111111111111 11111111 1111 1111111111111 11111111111111111111, 111111 ⁴
11111111111111111111 1 1111111111 1111111111, 1 11111111111111111 1111111111
11111 111 111 111111111111111111111111111111111111111111, 11111111111111-
11111111111 111111 1111111111111,11111 11111 1111111111 111111 111111,
11 11111111 111111 1111111111 11111 111111111111111 1111111 111111111111111111
1111111111. 11111111 plac 1111111111111 11111111 111111111111111111111111111-
1111111111 111111111111111 1 1111111111111111 11 1111111111. 811111 11111-
111111 1111111111, 11111111, 1111111111 1111111111, 1111111 1111111111111,1111111
11111 1 1111111111 1111111111 11111 111111111111. 111111111111111111 1111111
1 11111111, 1 111111 1 1111,1ο1111111111111111111111111111111111111111111
1111111 11111111 1111111111111 111 1111111111 1111111 11111 1111111111 1 1ο-
111 111111 111111 ucho 1111111111 w 1111111111, 1111111111 1111111111 ka·
11111 ua 01111111, 11111111 111 111111 11111111 1111111111 11111111111111

 

