88 , rammam.

Stanislaw 1111111111111. 11111111 11. Μ11111111111111111111 tam„ 1 1111. Sta
staj: ΕΙ111111Μ1111111111, 11111 11 8111111111 1111111111. 8111111 111111
0111111111, 11111111 1111111111 11, 11111 1111111111 1111. 11111111 1111111111-
11111Ρ1111ΒΙ1111111. 01111 11111111 1111111111111111111111 fundatorem An-

drzaj 8111111111111,1111.11111.11111. 8111111111. 0111111111 11111111 1111111-
11111111111111111 fundatorem 0111111Ρ11111111, Sahalaatyk 111.,11111111-
1111 1111111 111111111111111111, 1111 11111111 111111 11111111111111111111·
111 11111111 1111111111 1111111111. Ρ1111111111ο1111,111111111 1111111111·
111111 11111111. 011111111111 111111111111111111111111111 111111 111-
11111, 111111 od 111 01111111, 1111111111 1111111111111, 11111111,1111.01111-
1111”, 1 111111 1111111111 11111111 „canonicus 0111111111111”,1111111111111111-
mi, 11111111 11 do r. 1784 11111111 1111111111111111111111. Na 1111111111111
1 111111 1111111111 ,11111 011111111” 11111 11111111 01111111111111111111111-
1ο,Κ1111111111” 11111111-11111111111111111 „Rutovtanua” magistrat zamoj·
1111 11 1111111111 statim 11111111. ’1111 prelatura 1 11111111111111 ,11111
011111111” 11111 11111111 111111 1111111111 1111111111 1111111111 11111111 magt!
11111111111 1 1111111111011. 8111111111111111111111111, 1111 111111 11-
1111111111111111. Ζ11111111 1111111, 111 11111111 11 1111111 1111111111
1111111111, 1111111111 1 11 1111 11111111 11111111 1111, 111111 11111 1111111·
1111, 1111111111,11111111111111111111, 11111111111111111111111 1111111111111111·
1ο 111111 111111, 1111111111 1111111 1111111111 11111111 111 11111 1111111111
1111111111111,1111111 profanare 1111111111 111111111111111 1111111111 111 posia·

1111111 11111111 1111111111111 11111111111111111111. Κ1111111 1111111111 posia· '

1111 111111 11 1111111111 11111 1111111111 11111111 111 11111111 1111110111-
1111-1111111 111111 1111111111111 111111 111111 „usam 111111, baculi 11111111
111111 1111111111” 11111111111111 ‚usam 11111111, 11111111 111111111111”
1111111 11111111111. Tago 11111111111111111111 1111111 111111 1111111 1111 111-
11111 11111111 11111111. 01111111111111111111 11. 111111 1111111 1111111-
11 1111 1111111111 1111111111, 1111101111 11 111111 11111 1111111111, 1111 11
11111111, 1111111 1 1111111111 11111111111 1111111, 111111 oblat 111 maana 1111
11111111, 111 1111 11111111 1111111111, 111111111111111111111111111111111111-
1111111111, 1 1111111111111 1111111111, 1111111 111111 0111111 Ζ11111111
11111111 111 11 1111111111 XIV 11111111111111,1111111111111111111111·
1111111 kapitula 1111111111. 11111111111011111 11. 11111111 111111111, 111111
1111111111111111111111111, 1 1111111111 11111111 1111111111111111, 111111 1111-
111111111111111111 111111111111111; 1111111111 1111 11111111111111111111 111·
111111 1111111111, tanta 11101111111.,1111111 1111111111 11111011 11111,
11111111 11111281111111 1743 11111 1111111111111111111111111111111111 11
11 1111111111111,11111111111111, 1111111111111111 111111111111111111 1111111-
1111 11111111, 11111 11111111 111111111111111111111111111,111111 11111111-
111111111 11111111 1111111 1111111 (1111. 111. 11111. 111. 1-8,4”1-13,223-237.
11111112. 111. 1 1111. 11131 111111 1111 111. ΙΙ ΙΙΙ; 1111. 111. 111111. 111. 1—30;
111. kaus. L. 111. 101, kar. 2, 13, 90 111. 111. 149 1111.20121,111.1501111.
131-145, vol. 1211111. 1111111171 111. tta—aaa). 0111111 damtuna-infulata
11111111 1 111111 111111111111 1111111111111111111111 1111111111, 11111111
1111111111, 111111111111111111, 111111 1111111 111111 1 1111111111111111 1111-
1111111 jak 1 11 11 111. 1111111111111111111 ,111 11111111 11111 1111111111, 11
11111 1111111 1111111111111111111111111111 1 111111 111 catam 1111111111111-
11111. 0111111111111111 marath 11111111, 11 111 111111111111111111111

 

