111111111. 151

1111111111 1111111 1111 111111111111 1111111, 1111111 111111 1111111 1111111·
11 6111 1111111111, 1111111 111111111 111111 11 11111111111111, 1111111111
11111111,11111111 11111111111111 1111111 11111, 11 1111111111 11111 1111-
1111111 1111111111 1 11111111, 1 111111111111111111111111111111111. Nlo
1111111111 11111111111 111 111111111 11111111ε11111111 1111111111 111111-
1111 1 11111111 1111111 1 11111111 11111111111111; 1111111111 111111111111, Tut-
1111111 1 01111111111111 111111111111, 1 11 1111111111 1111111 1111111111111
11111111111111. 1111111111 111111 1 111111, 1111111111 11111 1111111111
1111111111, 111111 1111111 1111111 1111111 1 1111 11111111 1 11111111111111-
111111, 1111111 11111111 11111111, 11111111 1111111111 1111111111111111111111-
111111 1 1111111111111 11 111111 111 111111111111 1111111111, 111 1 1 11111-
11111. Ρ1111111 111111111111 1111111111 1111111111 1ἷ1111111111111111111
11 1111111111 1 11111111 1111111 11111111, 11111111 11111111, 11111111
lt. p.. 11111 1111 11111111, 1111111 1111111111 1 11111111 111111111111 11
11111111 111111111111,111111111111111. Ζ 11111 1111, 111 1111111111 111 ua
1111111111 1111111111, 1111111 1111 111 1111111111, 111 11111111111111111 111-
mul 111111111111 11111 11111111 1111111111, 11111111 111 1111111 11111 11-
111111. 01111111111 11111111 11111 111111 1111111111111111 11. Τ111ο111111
11111 111111 1111 111111111111 1111111 11111111, 111111111111111111 1 111-
111111 1111111 1 11111111. Tago 1111111111 111111111111111111111111,11
111111 [1111111111 1111111 111 11111 1111111111, 1 1111111111 go 1111111111, 11111
11111 1111111111 111111 111111, 1 1.1690111111111111,111111111111111,
111111111111 1 0111111111 11111111 11111111 1 11111111 1111111111 11111 11111·
1111111 11111111. (111111111111111 1 1111111111111111111 111 1ο Ρ1111111
Ι 1111111111,1 111111111111111111111111 1 11111 111 1111111111 1 1111 1111111-
1111 1 111111111111 1111111111, 11111111111111 11111111 11111111 1111111,
1 1111111111 11111 111 111 11111, 111 1 111111111. 21111 11111111, 11 Τ11111·
111 111111 111 11111 1 111111 11 11111111 111111111111111111111111111,
1 1111 1 1111111 1111111111, 11111 11111 111 111, 111111, 1111111111 111 111111·
111 111111111111, 11 ,1111 daemonium 111 1111111 1111 111111111“, 1111111111 11
1111111 111 11 111111 11111111111111 111 1111111111 111 11111 111111, 11
11111111111111111111111111 1111111111 1111111 11 1111111111. 11111111
11111111 1111111111111 111111, 1 1111111 111111 Ρ1111111111 111111111111
1111111111111111111111 1111111 111111111111111 11111111, 1111111111111111-
111 1 1111111111 11111111111 1111111 do 11111. 1111111111 1111111 11111111
11111111 1111111111111, 111111111 1111111 Ρ1111111111111111111 11111111111 11
11111 1111111111 1 1111111 11111111 111111 1111111111 111111111111111111 111-
1111-111111111 1111111111111111. 1111 1111111 111111111111111 111111 111-
1111111, 1111111111 111111 1111111111] 1 1. 1104, 11111111111111111111111
111111111111111111 1111111111111111111 11111111. 1111111111 11 111, 11 11111
111111, 1111111111 1111111111 1111111, 1111111 111111111 111111 11111-
111111, 111111 111 111111 11111111 1111 01111, 1111 1111111, 111 1111111111
111111 11111111, 111 11111 11111111111111111111111111111 11111111, 1 1111111111-
11111,11 1111 111111 1111 111111111111111111111111111 l 1111111111111111111.
811111, 11 111111111111, 111111 11111 111111111 11111111111111111. 1111111-
111 1111111111, 1111111111 11111 1 011111 111111 11111111 1 11111111 111-

· 1111111111 1111111111111111111 1111111111 1111111111111111111111111 111, 11

11111 11111111 11111111111 111111, 1111111 111111111111111, 111111111111111
1111111111111111111111111111 1111111111 111111 1 1111111 1111111 11111-

 

