F.

Fabianski Andrzej, 111. 48, 173, 206, 207, 284, 285.

6511 jaeck, 111. 50, 180.

Faleeki Jan Κ111111ο1,111. 41, 118, 121, 122, 178, 283.

Fatowicz Mik01aj‚ 111. 40, 112, 117.

Foltynowicz 11151515, 111. 39, Ill-116, 122‚123,134,148‚ 178,
282, 283.

81551155151)55,111. 45, 158.

θ.

6115155111 1511111. 43, 149.

61555511111 Samuel, 111. 44, 150, 151.

65155511 michal, 111. 71, 256, 305.

6511111Ρ1511,111. 50, 173, 180.

G01embiowski Stanis1aW, 111.47,168.

6515555511115151,111. 52, 53, 188.

651511111155,111. 59, 60, 229, 299, 302.

6611111 Antoni, 111. 53, 191, 196, 201, 207, 247. 262, 266, 285, 289,

Grabowicz Franciszek, str. 44, 45, 119, 143, 149, 154, 155, 260,
263, 284, 311.

Greglicius (Gryglieki) Wojciech, 111. 42, 125, 126.

Greglicius (Gryglicki) 11111551,111.43,129, 130141, 149, 155, 161, 189.

Grzembski 611111111. 41, 121.

Gutkowski Piotr Κ5511, 111. 60, 177, 232, 236, 237, 302, 304.

65151, 111. 67, 251, 307.

ᾗΗ.

numan Jan Fryderyk, stt. 66, 511, 355, 351, 355. ’

J.

Jaskulski Franciszek‚ 111. 66, 248, 249, 306.
Javorovius Maciej (jaworowski), 111. 36, 281.

Κ.

Κ5115151111 Jan, 111. 64, 245, 304.
Κ51161111,111. 70, 255, 309.
Κ51515111111 Antoni, 111. 68, 252, 308.

 

