1111111111. 111

1111111111111,11 111 11111 11111111. 8111111111111111111111111111111-
11110111111111, 1111 1111111111111 111 1 1110111111, 11111111111111111111101
11111111111 1 11111111, 1111101111111, 11 1111111111 111111 11111111111111111-
1111111111 11· 11111111 1111111 0111111111, 1111111111 111111111111 1 1111111111
11111111 1 1110111101, 11111 11 1111111111 11111111. 11111111 1111111111111
1111111111, 111111111111 11111111 1111111111 1111111 111111111111111111. 'l'e-
111 111 1111110111 111111. 1111111111 1111111 111111111111111111111181-
111111111111011111 1 111111011111 1111111011 1 1111111101, 1111111111 1111111111
01111111111111111111101111111011111 1111111 11111111 1111111 1111111111
0111111111111. 11111110111111111. 1711), proces 111 111 1111111 1111111111
1111111111 01 1111011111 111111 11111111, 111 11111101 1111111111] 11111-
101 11111111 1111111111 w 11111111[1111111101111111111 1111111111, 1111011·
mustum! z 11111111 1111111 11111111 1111111 1111111111 101111 1 1111111111·
11111111111111111111,111 111111 w 11111111111111111111. 111111111111111
011111 81111111 1110111 w 11111111 1111111111, 111111111111110111, 1111111111
1111111111 1111111111 111 10111111. 11111111 1111 11111111 11011111111 1ο-
11111 1 1111111111 110111111, 111 111111 1111111111 111111111111, 1110111111-
1111 11111111 1111111111πί, 11011 w r. 1702 111111 11111111 1111111111, kapitula
11101111 111, 111 81111111 11111111 11111 11111111 81111111111111111111111
1111111111. 001111 1 tem 011111 111111 11011111111, 1111111111111111111111 111·
01 w 1703, 1111 1111 11111011111 1111111 11111111111111111011111, 11111111,
111 11. 8111111111 ,1111111111 11111111 11111111 1111111111 111 11111 1111111 1111.
mummium. Τ111111111111111111011111111, 01 1111111 11 11111111 11110111111
11111111111111111111111, 11 11111111 10111111 1110111111 10 8111111111, 11
111111 11111111 111111111111111 111 111111. 11111111 1111110111 11111 1111101,
1111110111, 11 11011111111 1111111111111 11011111111111111111111 111 111111-
1111, 11111111111111 11111111111111 11111111 11111111111, 1 111 w 1111111. 1704
1111111111111111 1111111111. Nlo 01111 111111, 1111111111 11111111 11111111
11111111111110111111111110111111111111 01 1111111111 111111, 1111101111111
w 1111111111 1111111101 do 1111 11111111, 11 w 1111111111 1111 1111111 111111,
11111111111111111, 11111111 1111111111101111 1111, Ζ11111111 1110111 to, 0. 111-
11 0111Μ111,1111111,111111101111 11111, 11011 111111 w 111111 1111101111
w 11111111111 11111, 1111111 11111011111 1111111111 11111111111111111111111-
111 1111101111 111111 111111 w 11111111 111111111, 111 011111 1111111, 111111
1111111 1111110111111111111 0111111111, 1111111 11111111111111, 1111111111111111
111 1111111111 w 111111 11 1101111 1110111111111111111111111111111101,
11111111 111111 1111111111, 111 w 1111 colu 111111 11110111111111 1111111111. Po·
111011111 110111 1111111111 11 11111111 01 111111111111 1111111111. 0111101111
1111111 111111111111, 11 01111 11111111 0111111111 1111 1111111111 1111111111,
1111111111 1111111 11 111111 1111011111 11 111 οο 1111111, 11 10011111 ks. 11111-
11111 011111111111111 1111111111, 10111111, 11 1111111 11111111011111 111 11
111111111111111111111111. Β11111 11111 1111111 1111111111, w 110111 1111111111
11111111 111111101111111111, 11 11111111, 11 1111111111111111 1111111 11 1111111,
1111 111 1011111111 111111 11111101 10 1111111111 1101111111. Ρ111111111111111
81111111 1 11111111 1 11 11111111 11111111111 1. 1706,(11111101111, 11 w 111111
1111111111 1111111111 1111111 0111111111-1111111111111111111101. 0111111111
111 1111111111 11 to, 1101111111, 11 1111111111 11 11111111 001 11111 w 1111 1111
111111 1111111111, 81111111, 11011 111111111111111111,1111111111111111 1 1
1111111.1707,11111111111101111111111 111 w 1111101111 111 11111101111.

0 1111111111 1111011111 1111111111. 11

 

