142 1011100111.

01000, 01001000 upon i 0110 0010, irione 0010000 01100010 00101110 10011010
0100010 0010101000οω 1101001 01000010, 000101000 0100 r. 1688 od 101000010οο
xi 001010011010101100010 10000011 010001101όο 0001001101, 100001 0110100111,
0 101000000110 1011110010 0100010 0010011101, 11111010 010 os'mioiiii daiaiau'·
0011000010 01101010100101000110110 1 1001010 000010101101 0001001000. Zdui-
011 010 monuo Saiaoioiri, 010 10 1111110010 0 000010001010 10 1100011 0111011101
010010010000010100000100 10010001 01000 i 0100011010 0101011111, 01011000
0010 101 01001000 11010100100000010010101000101001010, 11110 000101000 00-

* 100 10111101 01000 1101100 1010 001000110011010, 1 00 001010010 00010 1010100

010 1010, 01000 1011 mansur 0001000011 010 11001ὁ,0100101001010,0 11011001010
1010101000οο 0100010 010001010ιο 0110100111, 010110 zai jairo 0110100 100110 00
01001010 0110101000 01101101000010. 101001011, 11110 0 1. taur 0 11010001010
0110001 011010 1 010 110101011010001, 01110000000 10101 1011110010 1 0010001
10 1110010, 010010001 010, 10 1010010100000 1000 000100000010, 1000101001110
10110 01001 001001όο 10011110 1 aindoma, 10 uirudniio 10110 1100001001011100·
101, 10 01010 10101 11101001 0101100101010100101 110 10011010 i aindomii, 1011
10010101 001010010, 001011110 010010 0101001110οω 101010 0010000001. 000011
0100100110 1101001011,10110 0111000010ἱο 0001110 0001000010 01010110 01010001
00 0100001 101000001, 010 1011100000010010 0 001011 11011. 10000010110100
000100110011000 01000, 0 0110010 010111 10110 0100001, 010 10110 0011101000·
001 000011000 0100001010 0010100000οο 0 10101010 1010 1101100 0 1101010110
0000101. Ρο010001 01101 10 010010010 0110010 1 00101010 101010100οω 10010-
01010, 0110101 101101010 01010100101101 ma 010010, 010 0001001001οω 0001010
110 0010101 010 00 101010 1 110001100100 100010. W 1010 011010 0011, 010 00
0110101 11001010οο1 0110010 0 10100 10101010 1. 1688, 0110101 1101010οο00
01100001010110 1111010 0 d 1211000, 100111101101010101 0100010111 10 000110
0001001010 dana, 00 001 0110001100 010010 sam, unionirom 10011110 00110000 00
000101οο010 01000 00011000010110100010011000 0010010 11001011-«,1111 sint
Administraioras iinadsmiaoi“ 0 010 10011110 0100010101010 „capitutum 011000
01 10010010 unum 001010 00001111010, 00110 eaput 001 1100101, memoravero 110
iussores 01 Capitulum. 00000 quos ...... administratio 0001001100 1011010 001, unioni·
qus pro 000 011010, qnod 00111101 1101011000 01 Fundaiinnibus 0010100001101110
01000000100101 00011110100 etiarn personas administrationem 1001010100 10 110,
inquibus iilis commissa 001 inuare& 10 010001011 0100000000 00010010 11011-
01, 101011 1100100010οΙοι „Cum uuum 001000 oum Academia Capitulum constituat,
administratisquo 1001010100 00000 Capitulum 011, inhibitio 00110 oum citatione
01 auriam Romanam 01 instantiam 11001011001111010101101011111001010100 0110-
00100100 0110010001011100001101010 001110 iii-mum 1)·10 100101110011001 ri·
0010 01100100 Inhibitionis 01 citationis 00 00010 00100000111 Na 00 0111010011
01000111 ..ln 10100 01 Academiam 0011100011100 tauquam unum 0010000110
10010010, 00110 00 1000101110 Capitulum 1110111, 11001000 otiam ad 101001011100
Immuuitatos 00 111000110000 [1011010110110 101100 tauquam ..... otiam 110010 001-

’ 1010, Academias 0110100100, 00 01100001110010 0111 praesenti 00100 0010110010-

010, contra iii-mum D·m 00 00010 1001010011. Bisirup 100100010 0110001011,
1010141100010010100100110 10011010 1 1101001010100 0110100000 1 10000000
010001οὁ 0111100010 demat 101010000100, 0010010110 0001 1010100001 w 31100.
110000010. 1001101000 1011010 0110100110 00100110 10011110. Τ11001000 0 10.
010 0010010 000001, 000001010οο 01000001 0011110101, 001 11110 0010100100)

01000 apamiam 01000 10011010 000110, 0 0101111001 00100110 0 0000011011,

 

