1111111111. 221

111111“ (Actu C. Z. 111. 111). 01111111, jak 111111111111 11111111111111, 1111111
111 111111 11111111 111111111111 w 1111111111

1111111111111111111 1111111 1111 1111111111 1111111111111111111111111.
Κ1. 1111111111 11111111 calogo 111111111 111 1111111111, 11111111111111111 11111111
111 111111111111, 1111111111 1 11111111. 11111 1111111 11111 11111111 111111111111
111111111111. Ζ1111 11 1111 1111111111, 11111111 1111111111 1111111 11111111
1111111111 1111111111. 11111111111111 11111111, 111 1111111111 11111111 1111111-
111111, 1 tego 11111111, 11111 1111111111 1 11111111 111111111 1111111, 1111111 119 11
1111111 111 1111111111. 0111111 111111 mu 300, 1111111 100 111. 11111111
1111111111. [11111111 111 111111111111 11111111111, 111 111111 1111111111. Β11
1111111111111111111111111 1111111111, 1111111111 1 1111111111111111111 11111111·
nego 111111111111.

¹⁸⁹) 111111.Ζ.111.Π; rkp. 11111 Ac. Conv. 11111. 8111111111, 111 111-
111111111 111111 (1111111111111 51), 1111 1111111111 1. ο. 1111111111111 1111111-
1111111111111111111111111 w 1111111111 1111111111, 11111111 1111111111 1 01111111.
Aul 11111111111111 1111111111111, 111 1111111 1111111111, 111 1111111111 11111
11111111111111 1111111111 1111111111 111111111111111111. Ι11111111 1111111111
1111111111 w 1111111 11111111 1111111111, 111 1111111 1111111 111 111111, 11111
11111 11111111 1111111111 1111111111 1111, 11 1111111111, 111 111111111111 11111111-

11111-1111111111111 11111, 11111111111111 111111111111 11111111111111111111
1 1111111111 1111111111 111 1111111 tem, 11 1 11111111111111111111 zwyczaju„?
21111111, 11 1111111 1111111 11111111 11111111111 1111111111 1111111111111111
1111111111, 1111111111 111 11 111111111111111111 11111111 111111 11 111111111111 111
11111111 111111, 1111111 1111111 111111 111111 11111 11111111 1111111111 1111111
1111111111 111111 1111111111, 11111 11111 111111 1111111111 1111111111 11111111111

1111111 11 11111111. Ι

¹⁰⁰) 11111. 1111 Ae. 01111. 111. 11; 1111. 11111111. 11111111 11111111. 01111
01111111 1111 cap. Coll. Lublin3 1111 C. Z. vol. 1111113 Ar. Kons. L. vol. 57,
101, 1021311111 cathal. 0111. 111111. 0111111111 17911111. 11111. par. 11111·
1111111111 1111111111111111111111. 1. lx 111. 182, 222, 298.-Κ1.1111111Τ11111111’1111
111111 111 ,1 Τ11111111,“-11111111111 111111111111111111111111111111111 1111111111
111111111111 11111111. 111111111 11111111 1111111111 1111111111 w 1111111 111111-
11111 1111111111, 1111111111 1 1111111111,111111111111 11111111. W 1111111111
11111 1111 111 1111 1111111111 111 111111111111111111 1111111111 111111 1111111111
1 1111 1111111111, 1111 111111111111 1111111111 111111. 11111111, 1111111 11111111
11111 11111111 1111111111111, 1111111111 1 11111111111111111111111111111111
111111111111, 11111111 11111111111 111111111111111111 111111111111111111111
1 11111111, 1111111 1111111111 1111 1111111. 01111111111111111111 111111111111 w Lu·
111111 1111 1111111,111111111111111111 1111111111 1111111111 11111111 111 11-
11111111 1111111111. 1111111111 mu 1111111 1111111111111 11111111111111111, 11
11111111 11111111111111 11111111 1111111, 1111111111 1111 1111111111 1111111111.
111111111111 111111, 1111111 1111111 1111111111111 11111111. W gronio 11111111,
1111111111 1111111, 11111111 1111111111111111, 1111111111 1111111111, 11111111 1111111-
111 1111111111 111111111111. Β11 1111111111,111111111 111111111111 1 1111111111
11111111. Ρ11111111 11111111 11111 11111 1 11111111οὲ11 w 11111111111 1111111 111-
1111111 1 111111111111. Τ1111111111111111111111111111111-11111111111111111111,
11 11111, 1111111111111 111, 1111111111 1111111111-1111111111 1111111111211111·
1111111, do 11111111111111111 11111111 111111 1111 11111111 1111111111 1111111111.
(11111111 11111111 1111111) 11111111111111 1111111 1111111111 1111111111111111111111-

Ο 111111111111 1111111111 2111111111. 15

 

