160 8881818111.

881. 116). 11888811 818 8188181, 818 188188818 8188818188 8888888818, 88·
118811 8111188118.

¹⁰⁴) [181818811188181888188181888888881 8 181188118818 8888181181,
18 81818118 818181818 1 18888118 8 18818881 88181881818 18118811818181818811
188888 8181881188, 818 888811818888118 1 1118881 11888 ,18881818 simplici&
11018 8811818188818 818818 8188 1818818818 1881818 88181888. Ι 88818 18118-
8818 181 88181818 18 18181888 18181818, 888 18811818, 818 8881811818, 1 8 181818-
818 88188 18 1818 18881 18881818181, 888888 818818 81818811 jo 8881811, 18-
1811 81818118 818818181. 1181881118 8 18888118 1 811818188881 18818881 1181-
18 818 81188811 8181881881 888818 181188 1181888181 8888818818, 818 11811818
818 181 18 8181 818181 8881818811 1888, 818 818 88188818 8 18818881 188888,
188888Ι 88 1111818118 (1881818818 8181818818888). Ζ 881811188, 11818 118 81881·
8881188881818811818 8188181818818 1818818818 188 Ζ8888811 18881818 1 1811888
8888818118 8188· 11118 8188181881118, 818 1818 818188818, 818 8018188Ι 88 81818-
18181 18888118118818881 8181881881 11888 8188181881118. 11881818 8811. 11182,
88 88811181888188811181, 8 1188818, 8181881118, 888181818881 81888 188881-
1881818818118. 181 81. 1681818181 818 88 18 8181818188 81181 18811818, 88
18188818188818 18181818888, 181 1188181, 18 1888 18888188181888118888818
818118 81881 1888811881818188181181. 118811818 88 81818818 81118118, 18 1118
jej 8188 8188, 8 88 1811881888 88818888118, 818 1888 8 818881 18888188 818
88188881 8181 81881 1888811881 8 8181881118. 18118181818881881811181818
818 18811818, 1818 818188· 8188, 11 8181881188 88, 88811881 8 818888818818818·
888118, 818 8 8188818 118818, 888 18 8888 88181118 81888 8181881118 1818888-
188 1818818888, 8 8888 81818888 88818188 1118 88 8881188188 8818188818, 818
1818188 81818118 1 811888881. 1188111181 88181 8818818818 18811818 88181 181-
18188· 81188188881818 81818811, 1818 88818118 888181, 1818 18881881 811818,
11118 88 8181181881 1 1888811881 8881881111. 1881811888 81888 18118881 18
1618881 811818188881 18818881, 81188811 je 81888, 81881888 18 8188118118188
188818. W 11111881181818 888188,88,11111,1888188 18111181 8818811811888188
18181888818181811 8188888, 18811818 1881188818 88181888. 111811811818818881
818818888 8818 81888818188111, 18118 8 818888. Ι 181818 88181818 81118881,
8818181 8181818118 88818 1 8181888881818818. 111811 181 18118 8 8181881118,
1818 8 888881818οὲ1 88818, 8188811 jej 1818818, 818 8881811888 88181 8811818818
18811818 8 88188 1 11818888, 181, 818 181 8118188· 888888818881888 1818181818-
8188 1881888811-881818881 81888181181881818881818881888118881 18 888118
118188881818818 8111881111 8188888· 8118 881881. Ζ8818 81188818188818818818
181188181881. 1784 1 8811881881 jej 188188118 8811888 888888118888 88-
118188888 88 8188881 81818811, 81181 81818818 8188811818811818 818118 818-
188 8818181181 1 81818 8881818811 1818118 8888181181818118888181888118118
8188181818 81818811 8 181188 1111111 81818.

Po 181818118181818 1181118181118181. 1701181 8188 818888111888 888-
1188818811818 81811, 18 Anna 1 (18188 Ζ8888818, 88181811181 W. 11, 888188811-
188818 8818 818181818 81818818118188, 881 88181818181881118 1 88188118 18-

811818, 18. 18881118188811888 1181888 8188888888111811811888, 8811118888 81818-
811888, 1 18 188 18188 181818 88 881888, 8110188, bo 11 818188181. 1, 888181
81881 11818881818811888 188181888888 88 18181818 1888811888. 1118818818
18811818 181 81818188 8188188888 1818 8181881118, 818 1881 88811888 8818881
88818888 88 18888118 81818818118,181881881818 8118111811, 18 81818881888818188
118 88888 8881818, 18 818 188 88188 81811888 w 8188881 81818811, 818 818

 

