1111111111, 215

1111111111 11111111 111111111111111 11111111 1 11111111 111111111111, 11 1111111
11111111111111 11111111111111111. 1111111111 (1111111 111111111111111-
1111111 8111111111 1111111111 1111111111, 1 111111111111 111 go 1111111111.
Panna 1 1111111111111 1111111111 1111111111 1111 1111111111 11111111 dobro-
111111111. 1111 11111111111111 1 11111111111111111 pozorem 1 11111111 0111
111111111111 1111111, 111 1111111 111 1111111. 0111111111 1111111111111111
1111 28 1111111 1. 1770 1111111 1111111111 1181111111111111, 1111111111 dobro-
1111111 1111111111 111111 11 1111111111 811111111ωωί 11111111111 1111111
111111111116111111111 1 111111 11111 ρ111111111ο11 111111, 11111111 o 11, 111
111111111111 o 11111111 10 111 11 w 1111, 11111111111111111111, 11111-
1111111 1111111111111 1 11111111 11111, 8111111111 1111111111 1 (1111111111,
1111111111. Ρ1111111111 1111111, 11 1111111111 w 111111 111111111 11-
11111, 111111111111 11111 1111111, 11111111111, 111111 1111111111111111
111 1111111111 1111111111. 11111111 1111111111 111 111111 1111 1111111111. Ρ111-
11111111 111, 1111111111, bo 11111 11111111111111111111 1111111111 1111111111
11111111111111, 1111 1111 1111111111, 11111111 1111111111 1111111111 11-
11111111. 111111111111 111, 111 11111 11111111 111 11111111111 1111111111 1111·
11111111 11111 1111111111 1011111111, 1111111111, 111111111111211111111
1111 18 11111111 r. 1771 1111 11111111, 11111 1111111111, 11111 1111111 1111-
1111111111 11111 111111 111111, 1 11111111 ,11 1111111111111111 1111111111-
1111111111 111111.“ 1111111111 1111111111 1 81111111 1 0111111111 1111111111-
1111111 111111 1111111111 111111111111, 1111111111 111111 1111111 1111, 1111-
111111 1111111111111 11111 1 11111111111111111111 111111111111 1111111111
111111111111 11111111 11111111111111111111111. 11111111 111111111111111·
111111 8111111111 1111111111, 11111111 1111111111, 1 1161111 11111 1111 6111111
1177111111111111111 11111 111111111111 1111111111 1111111111111111111111
1111111111 111111111111 1 111 11111 111111111111111111111111111111 11111-
11111, 1111 ,11111111111111111111111111,1111111111 11111 1111111111 ,1111111
11 injure nullum 11 clandestinum* Β111 1ο 1111111111 1111111111111 1111111
111111111111 1 111111ο111111111111,111111111, 11111111111111111111, 11111-
1111, w 111111 11111111 111111111111 1111111111. 111111 1111111111 11111111
1 1111111111111 1111111111, po 111111111111111111011111111111111111111111111-
111111 111 111111111111111111, 1111 proces 1111111 1111111111111181111111-
111 11111111, 111 11111 panem 11 111111111111, 11111111 11111111 11111111
111. 11111. 1. 111. 163, 131, 1361. Ks. Kochnowski 1111111 1 111 1111111 1111
11111111 proca 11111111111111111111, 1111111 111111111111 1111111111 1 11111
v 1111111 11111111111. 0111111 011111111111111 1 1111111 111111111111111·
1111 1111111111 111 1111111 11111111 11111111 1111111111111110111111111-
11111111111 0111111111, 1111111 11111111 11111 11 1111111111 1 1. 2211111111-
11111. 1775 1111111111 11 111. 111. 111111111111111 11111111111111. 2111111111
111111111111,11111111111111 do 11111111 11111 11111111111111111111 1111111
1 1111111111111

’111 1111 C. Z. 11111 1 111: rkp. 1111 11. conv. vol. II; rkp. 11111111.
quaest. 1111111111 11. 17511111 11111111 11111 111111111111111111 11111111
1111111111 11, 111111 1111111111111 1ο 1. 1756. 1111111111111111111111111
11111111111111111111111111 111111 11111 11111111, Μ11111111 1111111111 111
1 11111111111111111 1111 111111111111111 111111 1111111111. 1111111111
1111111111 1111111, 111 1111111111 1111111111 (11111111110111111. 11111111

111 11111 1111 1111111 11111 111 1111111111 11111, 1111111111. 1111 11111111

 

