126 1666116111.

1661161 66 6166166, 6616616116 6166666, 16 661661616616 do 1166616 11616 Pa·
6616 1 661661 616 6161661 66661 66161166 (11616 C. Z. vol. 1; 6161116. 66 66. 1..
1 0. w 11616661, 111, 611. 61). 966 6 6616611 6116166666, 666 6 66166661 1661-
1616161161666611 tam 16116611, 616 61666166. 6616611661 16666 616666 6 616-
66611, 1161 66661166 16116166 r. 16634664. W 166 666616 6661661116 1661616
11-116616611 (rkp. Album 8166. Α. Ζ. 161. ΙΙ). Po 6166666666616 61666 11161616·
6116 (116611611666 16616661, 66161 16 prelature 61. 1666, 6616666166666 61666
(11666166-11666166666 1616666 11116166166116 1 6166 61616616 66 611666 2661616-
wa 2666611666, 61166661 616 66 6166 (6616 C. Z. 161. Ι; Album 16666116 6 1.
1662, 611, 242). Po 1116666116 666161 6 r. 1667 6616166661-1616161661 66661-
6116. 1166166161666 1116166666 66666 616 6111666661 6 6166666611166 6161661-
1616, 6611166666 61666611. 261666 16166666 6 16611616, 61166116 61616 16666·
661 1666611616 1 6166616116 6661666 6166661616 66161616] 1161666 666616. Za
61666 1ο 6661661 616 661666666661,166116161 61666611 6666161161 6 1116166616
6116166116 6616616116. 6611666111 6666616 166 6616611666 6661116666 61611661-
616, 6116616611 66166611 66666166, 6666661666611 616616 6 6166661616166666
1661616661, 616166, 6666666661 1616. 1116666 616 616 666666661616116166, 66
66661 66 666616166661. 661161 616166 1 6666166166 11161166 66166611 6616661
66 61666166 66616666. W r. 1689 66 1616161 1116161116 2666661666, 666 666161
6 6166 616666661 666616616166661666 661616161611 661661, 16666 1116166 66666111
66 61666166 1666616166 (11616 C. Z. vol. 1). 661611 wr. 1696 (16666). 161
6 1. 1669, 11661661 666666616661 6 11616 661161616, 6666611661 66616 66666
66161666 66166666 66666611611666 6611666666, 16611616 1 161166116166666616 616
16166 6 6166661616 66616. 1161116 61666116 61666 6166166661616 6616666666, 616-
616 66666611 66666666 616 6166666116 1661161616166666 66 66111666 616666661
1 6166616661, 66 66111666 1 66616611 6166611611, 616 616666166616 6666666. W r.
1663 666111 616 11666661 666166161611-666166166161 616 1661116611, 6 6161 Ρ616-

· 6611 1111666666 66161 661666 6166666111. 666616 666661666 61166 1666666 Ζ6-
= 1666611666 6166666166 6 1661616116, 6-616 6116161666661 1 666166 1161616161,
6166 1661166 1166616616616 6111611666 1666616161166, 6 1666616616, 6 166 666·
616 161166 666616. W r. 1658 dach 666 61661666 6666, 1611666616666111616166-
11116666 11666611 1616161661. 1111666666 16 66616616 1116111666 1116116166. 666611
6166661611 6 6161116 66116666 61666 1161616666 6 06116661 6666 jej, 66166616
66666611611666 666666666, 66616666 666161 6616161666 6616666666. Ζ66616
w 61616666Ι 666161 6661666, 6 6116661616 1666 66 66666 61666166666661. Ρ16-
61616 6661666666 11616, 66 1611661166 1 6116666116 66166 61666]Ι 66611616166116.
Ζ 66161616] 6166661616, 616661 616166616616 1616666 66161611, 616 616666 1116 616-
1116 666666Ι 6166616161, 66166 661166161 66116616 6661666666 66666 6 666666-
6166661661 66666616 61666 6166616666 66 1616616 166616116666666666116
6 6616161. 16116111166661166666111 66661 666116661 66 6161666611 6161666166
1 1616611611, 666 6 6661166666 66 6116616616, 666 166 666661616616 66 6166666,
11666616 616 6116666111. Ρ1666616 66 1616616616616 616 6666666116 61666616 66 116·
6116166 1616666666 na 66111666 61666616. Ρ16661616666611616661666111616,
6166111 go 6616616616 1116116161 61666611, 6116 6 1616 66661661 1611666616 1 aka·
666116, 6166616611 666616 6 6161 1666116616, 66116111 6661161 6 6616166611 616·
666166 616 611666661666611661666166, 6161666166 116. 1166 16 616 6161166616, 6166
66161666· 61611116 6166661661616661 6166616 66616, 6161161111 616 6616 1611666 16691.
66666166 6 61666616 6616616, 6 66161 616661 66161666 61666 6661666666 1 6116616-
116166 1 6166666616 66166 666 1661616661 61666666116661666661161166616611.

 

