0000000000. 199

00000 0000000 00 00101001οΙ0 000001000000, ο 110101000 0000100001 00 0 0010-
00001 110000110000100000011000 1 00011001 010100000οο 01010010. 111000 0010,
000 00 000100 001 000010100οω 1 001000 0010100 000101000, 0000 0000010οῑ 001
00000 000 101001 000000 010000101100 (101000000001100000) 0000000000, 0 po·
010000010 1000 0000010 00000000 jak 00000 010 0010000010 000000 00110 00, obo-
010011 0011000, 00001001010, 1000100ος 001 00000 000 00001010000000 00000 010·
0000101010 1101001001 8100010011 jak 000 000 000001οο00 00000, 0 0010000100 ,000-
0000000 01000000 studentem 0001011000. 001100 00000000 000000100000000010, 00 .
1000000010 00000000000000 na 00000 1 0010000000 010 0100000100, 0000000000 010.
2003,01000100010000001010, 00000 0000000 1 οο 00 0001010010 0010000100 0000000000
00000001000 00000100 0000. 10010001 0100010 000000 0100001011 0001 0000οο-
0000, 0010 000 00 00010 1000000010 na 00οο 00000100000010, 00100000, 1100 00
0110000010 001001000 0 0100010 0000000100 00000010, 0000010001 1001000 010.
00100 0000000000οο na 0110000010 1000000 1 101000 10100000 00 0000110000
0000001 010000 od 010; 0000010100 000 000010 001001000 00000 00000000, 000
00010 00 001000001001000ι 0000000000 0101000011 1 00000010010 000100000οο0 00-
0100000000. Ρο000010 z 00000 0001001000οο 100000000 01000001000, 0000000,-
0000 010.2,100,10101010010000; 010. 100 00 0000000 010 0011000, 01000010
10001000, 010. 40 010 01011001010000 1 00000000 00010110 00010001, 010. 200 00
010000001010010, 010. 120 (11000000 000011, 010. 60 na 0000000 1 0000010 110
1100100000, 010. 100 00 100010 00000 0100001011010, 010. 200 00 001000 1 10000
00100000 1001100 0100001000 0100100 0101200 00 0000000000 l 0100000010
0 00000010 0000000 0100001011000. 00000000000 0001000000] 00000000 0 0100-
000011, 0000011100 0001000000 0010011010 00001000. 00 do 0000000010 0000100000
0000010, 0000000 010, 000 01000 001010 0010 00010000000, 00. 801011000, 0010
0001010000, 10. 000 0000001 00 17000 010. 00010101 0000001, 00 0000 010. 00001
00 1001100 0100001010 010 00000οί0010 00000, 00 0000 010. 001 00000000 00
01000 010 0100001όο 0000000000, 00 3000 00 0000000100ι 001000 0 001010 S. 100-
10000 110. Ρο10000 00001010 000000000οο. 11000 00000100 0000 1010011 01001100,
1000010000 1 0100-100010000. 10001 1000100001, 0101000 000100011ος0 1 0000 00-
0100000, 1100 00 101 1000, 001000 0 0000000000 0100, 0100100οΙ 0100000100.
W 101000 001000 0001010100000 0000000000010, 000 0000011ἰο 000110 0010010
00000001 100000000οο 0010 0000000000 (01011000. 1101. 10).

1010 0001 000100 010000 10010 0010010 00100000000000 100100000. 101101-
010100100ωο 0000000000001000 1010010000 010 0000010 0100000011 0000001100 posta-
010000100ιο 00000100001 001000001000 1 00001100 1000010 00 0000000 00110-
000000 0 0100 0001, 10 00000110 1001 01000110 1000 0000100010 00001000 0100000100
000010, 00000 0 10001000, 00 11100010 1ο 0000010000 00101010, 00010010 010 00000
0010. W 0000010000, 0 001100 10010000 0000000001001 00100000, 10110 00000
00100 0100001000, 0010010000 10011010, 000000010,-0000000010 do 010010 00010·
0000, 0 00000000000111000, 000011οο00 (110 00010000000000 00101000, 0001000110
0000101 00001101 0000100. 1110010101 1000010 1 00001010010 00000000, 01000
010 00000010, 00001 00000000 10000001 00100000 0 001010 0 10110001 10000001
001000000οο.

70100010 0100000100 0001000011 0000010010 0010010 001000000000000, 000001
do 10οο 00000 001001όο 10011010 0 0000010000 0100010 01000010000 000000οέ
00000000 00100010 1 010010100001 0010000000000, 0001000οΙ11 00 tego 00100010
0000010000. 101οο1 001100 00000000 00 0000001000 00100010 0000010011 00
8101100 ἑ. 0 10010010 0100000011 1000110010001 010 0 0010000 00000000. 100 00·

 

 

