212 1111111111.

“ 1110101111 1 101101111011 10 11110101111010 10111111. 011 1111 11111111
1111101111 101111 111011111111110 1110 1101010111101, 1111110 o 10111001 111110-
10111. 111111011ἰο 11111111 1110111110ηο 11111 101 1111111111ρο 1111110 111111-
1111 1111 1111010 1111011111, 1110111 1001101111 1 11101011 1111111, 11111 10
10111010 1 111111 11101 11111011 1011011111111 1111011111, 11101110101 11111011
1111011111. >

111. 1111111011 1111111 Ρο1110111111101 S. Teologu 110110101 r. 1752 11 -10
101101 111111111111101111,111111111111111111111 11111011 1111111011010. Ρο111-
1110111110 11111111 011011 0101111111 11010101111011, 1011110101 11111101 11111111
1101011011011, 11111 101110 10111010 101 111111111011011111111110111101111-
1011111 1110111101, 1110111101 11010101111111111111 1111111111 Ρο11101111111101
1111111111101110 1 1111111101] 0101111111 11010111 11111111, 11010 0110110110
011101011111 111010110111111. Ρο1101011 tego 1111111 11101 1110010 1111 111.
1001111. 1111101111111011111011 1101011011, 01100111 1011οκ111101111 11111
1111110100110110 10 1011011111 0111111111101110111 1111111 11111011010,
11111 010111111 11 11111111111011101111 111110111111111111111110, 10111 1111-
111011101110101111011, 10 1111111 011111011110 110 111110010,1101111111
111101101101 1101110110 11110 1101011111, bo 1111111111. 11110111 10 111.Ρο1-
11011101101, uby 11111111 nie 1111111, 1111 11111 111111, 011110 11110111 11011011
1111110111, 01101 1111 111 1101111111, bo 1 1111111111 1110111 1110111101, 1111110
111010101010111111 111 10111111. Ρο11111110 11111110 1111110 111110111111
i 1011011111 1111111111, 1 0110110110101 1111111111 10 11011 1 10110111 na 10-
1111111111111 11011111. 81111110111110 1111110 1111101111 11101 01111110 01111-
1110101 1111 111101 1111101111 (111 1 r. 1784 11111111 11111111111111101110
1011111,1111100 1011011111, 101111 111011111111 01 1101111110 01111111 11·
111111111111 111. 1001111 101111, 1 101111 1 111 11111111. 1111111. 1100111111
111, 1111. 1792 11111111 11111110011 1011111. 010· 1101111111 1111110110 110
111111,’11111110111 11111110 11110 111111 11111111 111111 1101110111. 11111111
11. 1800 (Acta C. Z. 101111111ς 111. 1011 100011, 10111111. Regestr.
(111111).

¹⁵⁴) Rkp. 11011111.1111011.; 111. 1011 110011. vol. 11; 1101111101.
111111; 1011011. cath. chelm. 101. V 1 v1; 111. 1101011 1111010101 1111111011.
1. IX str. 184, 202, 217, 230, 311, 529 110. 211111 111 111 11101111110101011110»
1 1. 17461111111111111101111 1111101 11111 111110 11101, 1 111111111111, 11 110
11110110 1101110 01111111 111 1111110 111 01111111111010101110111101010-
1111101011111111110111011110. Τ111101110111, 1110 101011111111111101111111
101 1111111111, 1011111111 11101111 111 1101101, 11111 1111111 1010111111011.
0111111111 010 01 111111 11111011111111011 1101110111 1 10101111111111011101111
0111110010111 1111011111011. Ze 1111111011 111111111111 1 11110111011111111
1111111. ks. 1011111111 0 1110101111 11101 0111111101 1111111111 10 110110.
1011001111 111 011 1 1. 1759 1 01111111 11101 111 1111111010 1 11011111 101·
1101011 111111, 1111101111011111, l 111011111110111 1111111111 11110111101
111101011111111111 1010111101. 1111011111 1111011110 1101111111 111111 111
111111 1111101 01110111 1111111011 w 01111011 11111 11111101 1110101110 1111·
1110 1110111. 1111111111 111 1111101111 1111111110 101101101111111011, 1111011101ίο
1111101 1111 011111010111110111 11111 1111111011. (1111111101101111.11.10-
111101 0111111 1111011111 10 110111 111 1111111111 Ζ1110101011,1011011111110101111

110111 1 1110101ἱο 1111011111 1110111101, 1 10 1 0111111, 1 1111101 11 1111111 111
1111111 10 11110 1111010111110, bo 0111 1101 1111111010, 1111111. 0101110

 

