1011110111. 113

1011 1100101101. (110 10 1101111 1100 (1010101010 2000101110, 11111010 101101
1110000011 X 000110 1010110100 010011 20000010, 10010 1101101 111010 1101111 ,110-
100 Romae 0101 S. 11011010 Μο10100001 annulo 11000101101110111111. Septembris
IIDCXXXXI'III 1100111001110000111 0000 1100110, 0000 1111101 01011110 1011101110
10111 10110 V 10 1. 1617 1 0111110, 010, 110111 11000000 VIII 1 1. 1591 010 1011010
1111 1 01010011 1000101101, 11110 0101010110100011110111111111011111101,
0101101111 1 1101010101, 111 0110111 1111101 10010110101 1 1101100 001010010 , 010-
001 0001011011 00110101 011 00 010 10010111. 1110100110 10100 10001010, 01110, 011,
10101 101010 0011010110100 0 011010011111101001100101101010,1101010,.00-
1101010 1 110101010110, 1 110100 0010110011 10110111010101101 0001011011 1 1101
0010111000010011,1110110010 001011100111 111). 1 111111101001110111011 0111011
1011101110 1100101001 1010101100 001101011011 (1111. Lib. 10000, 010111 — 1191.
‘ro 110100 0100011010, 10110 101111 0110100110 10001010 11111 1001011 0011010110-
111 1100101110 101 11110 10 1010, 10101 01100101100101010101001011011110 ba·
1010111 1 10110111 01011011011011111010 1101010010, jak 01 r. 1637 1011101110
1101010111 1 10110111 010110 0101 1001010 11001011, 101 po 01648 11010 1101010-
111110110111 1001011110001010. 10101011 111110 10110111 001 1010101110-
10 0011101, 0011101101010110101 1101010, 10 0111010 0110111 011. 1110016101 0100
01011101. 1110 100 1111111101, 1011010 1001110 011100 1 00101 110101, 1 110111, 010-
1011, 101011 010 101100111001011, 1 1110100 011 010 1111011011 10101 1011010. Nie-
11110 1101100 010 11111001 0011110110010 1011010011 01101001 111111011110010-
11011010, 01010010, 0011010010 1 1111011010ορ0, 010 00101010, 101111010100101116
1 110011101011011,01010101011011 1111011 10 01010011, 10 00101010 10 011011 1110-
100-1110101101001,101110, 0110101 10101 101 1010110101 1101010101010 1110, 100110 10
011001101001111 1101011010101 bez 0110110001 00111. 1110011111010 101100 0111111
11110111111101011101011010010, 0100110001010110 1010, 001 010101, 001 10010110101
1110 111 111111 001011010 0110111001, 000110101101010111010010. 1011011611·
1 111110 110111161011111101 1010001001 0101110111 10001010 1010100101001·
101011010111 00101010 0101101010 011000101 1011110010, 01100 11011 bo 1111010 01010·
101, 01 r. 16411-1145, 1 111110 1110100110 10 11110 1 10001010 0101101. 1010100
10100000101146 111101 1101010 10001011101011010, 0010111011 11110110 00101
0110110010 1 01101 010 1110101, 10 1111100100101 100101100111100110100101010
0110010 110 0101 1101011010 101110011011111110111011 0100 00000100 Τ111000·
10 10001011οα0. ’11110001 100 00100011001 100111 01101100020001011010100
0101101 11010000, 010000 11110000 1110101 1010 16 Ρο1111010110 r. 1601 10110110
10 60110. 1101011111000 00110 1111100010 011011 01001 011100011011,1 110110
10010011. 11101010 101 00 1101111, 011011 1111110 010010 011100011οε 200011,
8101011100110, ’10101110 1 Γ1010011111, 11011011 1010101001011,011100101001011010-
1010, do Zamos'cia, 1 01 10100 1 111010000-101010100 101010 1 0101001111, 111-Ι
11Ιο 1101000100 010101010 00000100 1 0011101111 10010 10001011010, 0101101111 61
01111 1111100οἰ011 [1111101101 010100 11110001 01 10 010110101010111101011010
w 20001010, 10100111001001001 100101 10 81010111001100 1110 1111011010110,
11010 011, 01100111 potem 10 0101111100 011 10101011 1 10111010 1 10100 1 1001
0010101001 110111101οΙ1 10 wilm, 1 0010101011 01000011. 8111111 011 1 1110111110-
0010 0110111 1011011101 0101101011 01001 hez 11111110 110 0010101011 101 1011-
1111 11011110 0111. 1111111010 1 1. 1601 00 0111010010 111100010101011110 101110
01111010 10110161 11·11100010111011,111111.). FoItynoonz 000101 1110 1101101011-
cam 01010011 1000101101 011 101101011011111001011 01010011οο1 w 11010101

0 11010001οο11 01110011Ζο00101101. 8

 

