111111111. 269

11111111 1 11111111 1111111111. 2111111111 111 111111 1111111111111111111-
111111 111127 1111111111 111111 11111 1783, 1111111111111111111111111111111111
1111111 1111111111111 11 11111111 2111111111 1111111111, 1 11 r. 17ῖ8 1111

1111111111 11111 11111 1111111111 2111111111, 1111111111111111111111111111.
1111111111 111111111111 111111111111111111, 11111111 11111 11111111 1 11111-
1111 1111111 1111111111 1. j. 111126 1111111111, 11111111 ks. 1111111111 1111111111,
1111111111 1 1111111111 1111111111 1111111111,1111 111111 1111111111 1111111111
delegata 11111 1111111111. Ze swojej 1111111 1111111111,111111111111111111111,
11111111 11 1111111111 1 1111 5111111111111 111111111111,111111111111111
1111111111111111111 1111111 111111111111111111. 011111111111111111 11111
1111111111 1111111 11 11111111 1111111111 11 11111111 111111111111111111-
11111111111 1 1111 26 11111111 1. 1783. Ζ1111111 1111111 111 1111111111
11111111 11 1ο 1111111111 1111111111 1 1111111111 111111111 1111111111
1111111111111111111 11111111 1111111 1 1111111111, 1111 111111111111111111
1111111111111111111 1 1111111111111. 1111111111111111· 1 111111111111111111
1111111111, 1111111111, 1 1111 11111111111111 1111111, 111111111111 11 111-
1111111 1111111111 1111 11111111 1 1111111111 1111111ἐὸ 1111111111 1111111111
1111111. 1111111111, 111111111 1111111111 1111 1111111111, 11111111 1111-
111111 11111111, 1111111 11111111 1111111111111111, 1111111111, 11111111 11111-
gleb 1111111111. 1111111111 1 1111111111 11111111111111111111111111111111
1111111 111111, 1111111111111111111111111, 111111111111111111111111111111,
11 111111 11111 11111111 11111111 11 1111111111· 1111111 111 111 11111111, 111111
111111111111111111111 1111111111, 111111111 1111111 111111111111111111
11111111 1111111111, 11111111, 11111111-111 11111 11111111 1111111111, 111
111111 111111 1111111 111 1111111111 liceum (111111. vol. 111: rkp. 111111.
Conv. vol. 11; 11111111 1111111111111 Ar. Kap. Z.).

2111111111 1 1111111111 111 11111 1111111111111111 11111111111111 11-
11111111 11 11111111 nie ulega 1111111111. 1111111111 11111111. 1111111111
11111111 111111 11111111 1 111111111111110111111111111111111111111 1111111111,
111 11111111 11111 1 1111111111 111111 11111111, 11111111 111111 1 111111111-
11111111 11111111 1 11111111 1111 11 111111. 1111111111 111 1111111111 11111
31 11111111. 1783 11111111111111111111111 11111111111 1111111111111111
1111111, 1111111111 1111111 11111111 11111111111111.. 1111111111, 11·
111111111111111 1111111111, 1111111111 11 111111 11111111111111 1111. 1111
11111111111111111 1 11111 1111111111 1111111111 11112 11111111. 178111·
11111111111111 11 1111111, 1111111111 1 11111111111 1111111 11111111 11111
011111111111, 111 111111 11111111 111 1111111111 1111111, 1111111111111 11·
1111111 11111111 1111111111, 1 11111111 111 111111111111111 1 111111-
11111 11111111 1 111111111111. 11111111111111111 1111111111111111111111
11 111111 111111111,1’1111 11 11111 11 111111 11111 1111111111, 111111111111111
11111 1111111111. (1111111111111111 1111111, 111111 1111 1111111111 111·
1111111111, 1111111111 111 1111 11111111 1111111, 11111 111111111111111111,
111111111111111, 11 1111 11111 1111111111 1 1111, 111111111111111, 11111111 du·
1111111111, 11111111 111 111111111111111111111111111. 1111111111 111 111·
1111111111 1 111111 11111111 1111 111111 1111111111, 111111111111111111111111111
111111111111. 11111111 1111111111111 11111111 1 1111111111, 1 1111111 11 11-
11111111 11111111 1111111111 1111111 1111 1111111111, 111111111111111111,
11 1111111111 11111111 111 11111111 111. [11111111 111 1 11111 11 1111111111
1111111111, 11111111 11111111111111, 1111111111 1 1111111111111111111, 111-

 

