160 mmm.

bllogr. 1. XIII, 616. 4601. 1116666661 6616 6 ,6666666666616“-1661 6611661-
616 66 66666116 66 166661666611166 616666 666666, 6 66666 661616 66166, 16
66616666 6661616 6 r. 1671 66 6666 66166611 16 66 tego 6661666 6616, 66 66661·-
616 66166166161616161, 6666616 66161 66166666 6661666666.

⁸⁴) 166 1161666111, 1161666116 61611666 66666666,6661611666611166 66·
6616616 6 r. 1667. Bral 666666 666161 w sprawach 6666666666 166116161616·
661616 666161616666166 1616616 66 6161666 661661611666, 66666 6666611166 66116-
1661616 11616161 66666661, 6 6166666666161661166666666. 0616 66 6611666166
66666 6666111666661666 66 6616616616 61616666 6 1616 1666611 6661666166
16611616, 661 66666166 666616 6 16666116, 66 66616616 666661 12600 61666 66666
66666616 6 666 616666161166, 6 r. 1687 (6616 C. Ζ. 6611). 1166661 1611616-
161611661666 16616611, 11666 61666666616 61666661 6 61666611 6666161161 (Tam-
66). 8661666661 666666 6166666116 66116666 661 66 1674-167866666161666
(616. Album 8166 Α. Ζ. 661. II). 111666 1616161 116616616611, 666 116666166-
116661666616 Ζ6616661161ι16161666Ι 61161661661161, 6661 66666666] Ζ61666616, 66·
6161 116166, 1161611611 66166 166666 6166661166 66616611161116 6 6666666166
1 66661 go 6 r. 1669 6 Ζ66666616 (6616616666 61611666, 1. VIII, 616. 639).

. ⁸⁸] 11616166 1166161666 11666611, 666 66661666 666161 6666616666, 661
16116 6616166666 11166666 666161 66166 1161166661 11166661, 6 66661 1161161616 0.
Ρ. 016616666 616 6 6116616666 1666166616, 6166166 66666616 666616 6666111616·
16, 6 6 16666 1 16161616 6666161666, 61666666 1611666616, 11666611 666661 666-
6666166 61666616 66666 616616 1616 6161 6 6166· glos 6666116166, 6666661161
66166 666666, 6666661616] 6611666 (116. Album stud. Α. Ζ. 661. Π). 66116116
6616661666 J. K. Μ. 1 6 6616 66161616 16616 66666 66116666, 16161616 616 161·
16 666-1666166666 61666611 (616. Album Stud. A. Ζ. vol. 11). 20 16 666166-
6616616 616 6 1166611661 666616616 6616166661666 666 66666666611611,16116-
61 6666111 61666666616666166 81666666611 1 161666 6 r. 1672 (1166616666 ΒΙ-
611666. 1. XIII, 616347-349). 66666166661616 161 66666666 66666 6116116616
6661666616166 1 6666666661, 1 6 66166 tego 6616161666 6 61616666, 6 66166
616611616661666 swego 661666 616661, 666 66 6666166166 66666616. 1666-
6666666 66616 66661666 6166661116, 8166161666 6116616611666, 66 66666
6666616 6166616166 1 666111 6 616, 66 1661616116 66666616, 6 61666161666666
616161 6666166161 66161. 11666616 66666 ,66661166 66611616 go od 6161666
6616661666, 666166 6 r. 1689 1666666661 661, 6 6666616 6166666 66666661
1 616 6666166666616 6666666661 66 666666 6666661166616 6661 66 6166166116-
go 61616666116166166 66161). 8616166 6616 6666661 6 6616666 1 61616666 6616
616116, 6 661666 661661166ι 66161666 661616166έὸ 616 61666611 (Aeta C. Z. 661.
1, 66 r. 1678-1691; 1666 Κ666. L. vol. 118, 166. 69-71). Mimo 16 6616 16616
66166661 616 66666661 61666611. 1161 66 66 6161 66 6666 666666 6666166666.
1666 6166661616 6666661666666, 6661616 6 r. 1677 bursa 1616616 6166161616, 616
116666Ι 6661661 66666 1 6666666616 66 61666661 (616. Ar. 1666. Ζ, 616. 5- 16.
06 16116 6666661 6666666 66616666 166616 1661616661 86161666 1 66666611
06616611666 6661611666 66 611616666161166 66166661 (1661661661666616861
6116661. 61666666 6166666166 66666, 666 6166616116 1611166616 616 66666616
666616 po Stamlgielu, 166166661666 6666661, 666 6666166666 6666616 66666·
16616 616616 0661661666, 116666616666661 6616116166 666161 1666611616. Pro-
66666616616666666 1 66666 1166611166, 61661616 666161 616 666666666166.
116661 166661 66 16616 6666 6616161 166661 6666666666] 1 61616661 6 ’6666-
1616 r. 1670 (1166616666. 81611666. 1. VIII, 616. 342). 11666611 66616 1000 616.

 

