3333333333 151

33 33343333333133113333313, 33 343343 4 33343, 3333 Μ33313333 (3133. Lib. 6 334-
341, 343. 449). 114134 3333 1333343343, 134333 331 434333 3334333333 3 34333344
(3343334334)4134333333343331 33433 4333 3313334 3 ,43333333433313“, jak 333-
33 3333133433 4133313, 3443333333 3 3333 3333313333 4 33313 31333. 0333 334
3333433, 3343 3343334 4333 333333 4333 333313 (3133. Album Stud. 413. Ζ. 33111).

⁸⁸) Τ34333 31331333 33341 3 73333343. 3343343134 3313313133 33 43333-
33343 14343333 3331331343)Ι 3 14333333343343, 3 33433 33334133 3333341333 133-
133331333 444343 cap. 6343. 63343. 331. 111). 33343 343, 33 333434 33343331 3 3133-
33344 4334333333. Ζ3 33343 3313341 34313 333133 3333 433434 3333333333]
3333333343, 3 413 3 4343163 333343 33333431343343333 34314333. 4 VIII, 343. 327,
328, 333, 336, 340, 343, 347, 349, 373).

’1) 333 ι433313 334 33333333333313 333433 43333343 333313343433 33433
4313133333343134333. Ζο3431 w r. 1674 3333341333 4311333343 (Acta C. Z. vol.
1). W 333343 3343333 3 34343333 3343343343, 331 33 343334333331334313313333-
331 36433 333313433 3 4343343 1333143134Τ3333). 31333313, 3333343331333134
3 33333343 4 1433133313. 14333333334334333133 3333333443 333 Sanam 3 3333-
333433133333333313] 3 3333343 33133334 3333333334,334313331313434.

⁸⁸) 23 1336413333 33333 333343 3 23333343313333333131 3 3. 1672 33-
334 31333133 433334 3333333333] (3133343333 31314333. 4. VIII, 343. 347).

⁸⁹) 84333133 3433433134 31333433 3ο 33333333 3ο Ζ3334313 3334334 3333-
343 3 333333 3334433334 333313 4 33343 33333333. 33313431 33333143 333333
3 33333344, 3 3343333343] 33134333. Ρ3333 331433313 343 33 3333313333 4 333313·
34343 11333133, 33433331 343 3ο 331131 43333333· 3633333 3 34333333 4 3433334
3333333433, 3333331 3 343]Ι 3313. [1341334343 333313331333334133 33333 34313333 33
3333333333 3334334333 3 333433433 433433 33334). Ρ33434333 3334 431333 3143-
343344 4 3 tego, 33 33 3333 3313333433, 3 3333 4343334333 4 33333 34333, 33133-
3333 3334343 3333 3333133333 33433 3433333333 3343 11 134333 3. 1684, 3343-
313433333 3 333343 33333 33333 1 333333433333 33333343 33333333 333313-
333. 41333 43 33333 334343333333 33333 Μ333133 Ζ33333134333, 33334343 33 33-
31433333 33343333343 31333331) 3343 28 3333333 43333 33133. Ρ3333 samo 3333-
333343 3 3333334, 33434333333334 33333 34313333 633314333333, 331333343133133·
33344 1 3433334313· 33333 43 33333343, 34333333 3333314 34333343 3133433443-
go 333, 33133 133 4333343433, 343333333 3 333333 3343413 3333334331343 (buka-
3333433 13434. 331361 443. 4111, 343. 330-362 4 363-368; 3133. Leges 33. Ζ, 343.
4-13 4 33-61ς 3133. 44443343 333. Ao. Ζ.). 3143313334 331 431333 33333333 13331-
33334133 33363 333133 3333313333. 11133333343333333133333333331 333-
3331313 33333 Ζ3333343433 Ι 333311 333333 3333331343 (3313334 3 3333343 33·
33331313333334331). 3133133134 3313341 343 431333 3413333433 4 33333333433133·
13333333 3 23333343 4 33333431 43 3333333133έὸ 33333 134 34313 (3133313333 ΒΙ-
314333. 4. 11111, 343. 335 - 434). Za Jego 3333413333 1 3413343334 3133333433 33-
3343334313 03343341, 3 33333333333413433 3333333313, 333314, 4 3131333333 133·
43333333 3 3333331 3333333434334 4 3333343334, 33333314 je 3 Ζ3333313. Ka·

43333333 43 34343 343 3333333, 33 34331434, 36333434 3333313333 34333314, 333-
33414, 43 33333 313 333, 3413433 o 34333341 3333431343] 313 34333434.

⁹⁰) 11133333 „inquietum 33334*ι 3 33434343 33343313 33133333333 3 313-
3333334 3333333· 0 Rochowiczu 33333 ,4.3333333133343*ι - sq 3133331333 43, 3333
3343, 134333 3333 33313333 3 4433343313 1433331343 333343 3343 3343334 43333
4 333333 ,33433 3333 34 3333433433. 33333343 33433 333333433343333133433,

34333, 33333 4333343343 3333334333, 3333 33334333, 331333 3333 3 33333, 33133·

 

