1111111111. ’101

110111111 11111 8111101111, 1111110 11111110, 1111111111. 111. 110111 Ρο111-
111,11111111110111“ 111 11111111 1111111 8111111111111111111 1111111111,
11111 1111111111 00 10 11111111 1101111111 (11111111) 1 Adam 811110111111, 11
11111 010111101111.

¹') 111111, 1111111111 111011 1101110111111, 11111101111 111111 11111111-
111110 01101111110111 1 01101111111111111111,1101111011 101111 10 Aka-
11111111181111010110111Ρ111.1111.11111111110111, 1111. 1101. 1 1111111.
1111. 1 11111. 117). 111111 1111111101 111111101111111101111111111. 11111,
1111101111 1111111111, 111111 111 101 11111111 11101111 (011111111111), 111010-
nem 1111111111 2110111110, 10111011 611101111111111,1 11111 1111110111
1111111111. 1111111011111111111111011111111 w 0111111 11111111 11111111111,
1 1111 1111111111.

¹⁸) Ρο111111 1110 10111111, 1111 1111111111 Ρ111111,1111 10 1111111111111
10111111 111111111 1111111111, 1111 1101111111 11101011. 11111111111, 1111
1111110111 111111111111, 1111111 11111111 111111111 1111111111 11111111111111.

¹⁹) 8111110111 1 11111111 1111111111 1011111 1111111111, 111 sie 111111
,11111111111111“ 111111 8111111111 11111011, 11111101 analogii 1 1111111111
Ζ1110111111. 1110 11111111111 1111110111, 11111 1111111 101111101110111111-
101111 1111111111, 111111111111111111111 111111111111 1111. Ρ111111111
11111 1111 sarowe, 111111111111111 ,1111111 111111“ 1111111111 1110111111
111111101111, 1111111111. 11011011 1111111 111 101111 1111111111111111 1011110-
11111111 1110111111, 111110 11111111 10111 11 11111111 111011 1111111. 010
1 1111111 1010111 maja r. 16111111111111111111 Μ111111111, Κ11111101 0111-
10111110111111111101111,1111111111 Β11111111. Μ111111 00111111111, 11-
11111 1111011111 111111110111111111111, 11011 1111111 1111111 111111111111
8111111111 1011111111, professura 111101111111011111111111101, 11 111 11111
1111111111 mu 01111101 ran 111111. 1111101 11111111 Β11111 11111111111111111
11 10111111111 1111111111 1101110111 1, 1111111111 11111111 1111 23 11111 1. 1610,
11111111110111111111111011111111111101 1 grona 1111111161 1111111111 Za·
11111111111111111111 111111,111111111111111111111111111. 1111 01 111
11111111 1111111111, 111 po 1111111111 1111111 1111111111 1011111 (1111. 111111. .
8111. A. Ζ. vol. 1 111. 66 1 67). 111111111111111 1111010 im 111111111 1 10111-
111111 11111111, 111111 111 11 10111 11111111 111111, 101111111110101111
111111 1111 1111111111 1 1111111011111111 10111111.

¹⁰) 8111111Β11111111, 11111 1111101111, 1111111111 1 ,11111111111111“
1111111111, 111110111161111 111 1110111111 1111111111 1 111110 1111111 111111,
1111111 0 tem 1 1111111 1110111111 1111110110 111, 1111, 011111011. 1111111104
111111 11111111111111111111 11111 11111 1111111111 0111111111 1 1111111 111111
(Ar. Kons. L. vol. 106, 111111 89 1 90). W 1011 111111 1604 111111 0111111 11
1111101110, 111111111111 00111111 (1111121111111111,1111101111111111).
21111111, 11 111111011111 1602 1111111011 11110 1111111111, 1111111 1011111
1 r. 11111 111111 11111 1111101111 1111111111 1111111111. 11111111 0 111111-
11111110 1111111111 2110111111 8111110111, jak 1111111110, 11011 111 1101110·
rem, 01111111101111 11111111111111111, 1111 81111011 311101111111, 11611
1611111 111 1111110111111111111 1 Β11111 (Ρ111ἷ 111. 1111. 1 Κ1110111,1111.
1111111 -1111Ι 1. Π 111. 11711101. Ze 1 r. 1602 111 8111111 1111101111
1101110111 1111111111 Ζ1110111111, 11111111 111111 11111101 1111101Ζ1110·
1111 11101 1111 (Jocher.⁴ Bibliogr. 1. I 111. 21 Ι 109. Β111Ρ111111.1601
1 w 11111111 11111 10111111 11111111 111 1111 Dr. 111. 1 11111111 (11111. 11 111.

 

