190 ramum.

1661161611 na 61116116. Po 161 61611611611 11611661 161 161111161116, 111116
11116161 11111616 8166111616, 6116611 11111 1161111 6111 1161 61161611 116 16111161
1116161111, 161611 1116 11166116. 6116116 1611661 6116116116 16111111 161-
1116111 61161116116 16111111 11116611 611661 11166111, 6111 6116161616 1616111616
116 11116 16161616 Ennega, na 166161166111 1111626 161111611116 1723 1. 161
1661616116116 ,1112111 hin 611116 Ρ61166 [1616111611 rogandi 61 provideant ne· ,
66661611 1166166166 (161161161661161116166111111 1116 1111116 mensibus, 16166166
1111111111 vacantis sapietur⁴. 0116116 61661, 61 16 1116616116 1116116116. 6. ae·
1611161111, 16161116161111111116116 11161611111 16116111611111 1616111611, 111
61611 11161616, 6116 1611111116, 6 1616111616611 1166161611. 8611611 16 16
111611111,611111661 1116111611 611 1111 1611611161111661111611111111 111111 611611·
1ό1161111111,1161616116116 nie 11616161611 1116161 1 61611116116 116-
11611616 11111 1661161616111. (Aeta C. Z. vol. 1‚ 113 1111. 11616611. Quam).
Μ116161611 1111, 161111 16166116116 611 161111111611, 1111611111 16116111611
Gay 611616 1116161 1616116 w 161611166161-11611616116.

¹⁴⁰) 1111116116611. 1116661, Aeta 0. Ζ. 161. 111 111;1111.1)661.1161. Aa).
1661611, 16 161611 66111 1611161161,11611161161161661111, 11111 1116116 116161
1161611161161 (Estreinherz Β111116111.1.ΙΧ611.170). 01 61661, 111 6161611116
1611616111 11161616 1611616116 nn 61161616 16111161116616116116116 1 1161616116
1616116111 16616111, 116116 11111 1 6161611111 616161161 161116616161 16
1611111 1611611616, 616 1111116 161166111611 61 1116116611 16 1611616 11161611,
16616111 potem 1611616110. P. 1111 16616111. Ζ1611611611 1111111 1111111661
16116116116116, 16 161611, 1116161111 aie 116 16116111 1161601, 166161111 0. Ρ.
hatnoen 1616116 6161111 1161161161 6111161616 1161111161 16 61616116 611 6 nie.
1611161611 116 1616161111611 1611616161 11616111, 1661 1661161611616616-
116111. 061611161611161 (aa 61611161611111.391,1116161661611111611161611616
1116611 111116166111 116161611116, 1116111111 1 1661611611111 161611611111, 61166161
11116 1611616116 61 1116161116 1111611111 na 1111616116 6161111 1611611611, nie 16·
wana: 161, 16111161 111111 6166 116 111616116116 1111161611 11611616, 16 1116-
161116, 66161 116161611116 6161611111 w r. 1746, 6111161 1611 161111111611111161
1161116116 11616661611611616111111116 11111161166116 16611161. Ζ6 16 6161611116
1611616116 1111116116166611161111616 16116161161166116111. 11116116, 116ἐὸ wada-
1611 1111161161 161661161111 1111611111611 1 161111116111 6166161611611, 1116116-
niele 6161661 16161111 6116161111. 1611111616 praeto 161116111111116111116·
111616111616611111. 81611161 sle 6 166161611611616161111, 611611116161 61611111
1611611611,111611111111 16116111 61161116 111611 analoga. Ρ166661111161616116
1111161611 1161161111 111116111611, 611611 1161161116 1161116111 1111161161116
1161161161 1111111116111111 16161111616, 16 11111611 1166116111111 1661161111
1111611111. 1116111611 16116 11111616 sie, 16 6161611111 1111116 1111161161ιί 16
anaaukan, 111611116161 611 6 16116616111. Β116 161111111161161161161116111.
161 w r. 1782 auia 21 1116166, 1Τ111616, 16111661 1161 16 6161611111 11161161
11111161 111. 1111616111611, 1616161 anderen, 0116 Blalega 1 S. 81611616111116-
6116 ,6611686616 61Μ6111116 611616116111611111) incorporari. Universitne 1161·
mota 11111166 fama 16 egregia Litterarum 11611116 111616616111161611 616. 66
Ejusdem 11161 membra 11111616111116 1166611611616611111616116166161ι 611616 mn
adpowiadai 11111611 1161 11116119 11161116161161 1611. W r. 1781 daia 1611161,
66 proebe Jana Ρ61161161161160.Ρ.1)-11,1616111161111111 11611116 111611611616,
6161611116 1111611111 1161611161 11111611, 1111111116 gn ,1116 66616 61 1116111116“.
011 111661 6 1611 16616111 1611161111 1616161161 11161116111161 1661116161

 

