0111111001. 273

011ος0, 1111011 110100101011101Ι w 10001111001001 10010 po 101010116101011, 10-
01101010 0011160000, 1001010.

01 01000 jak 1000011001 Ζο10010102101111111 11101, 00 1101000010 ό11010100110
00110010, 11010 25 11000 0 1101111010 7 rano 11101110 1 0100001 tego 1010110 10-
0001001001 11101010 Μο111-Τθτο01, od 01000 jak 111111 jej i 0100011101111111
0101110101000011 (1101010110. 0001. 10111), 010110 10101110 reka 0111-
1161 11011 00 0101111001 1001010101 1 0101100011 1010010101. Το 00101010
1111001010, w 1100010011 0000001101 0101100010110110110,0100101100 10’0’ 1 po·
01001, 1110111 00000010 0000100001, Alo przy 1000010 1011110011 10101101010011
1001100101111111, 0111 1010110 0101111111 1001010101 010111000111110110011
na 00111011 10101100 1010100010] 1011οο101, 0100011000 1101111 011011, 1101000 sig
1110111 1 10100011001 1001101010011. 201101 11101 11, 0001101001 1011010010 na

100011 2110101010 1111101110 101 111000 „beneficia 0110011010“ 0101 1010100010
⁴ 10011 1010101001 0100010101 M. B. 101010101101, 811111οη101, 0 11100 010-
1001110 811. Τ11101, 1111000001, 1110100111, 0111110100, 101111 10000110110101110010
011001 10010011, a 111οε0010 1 0011 10011010 1010010011, 11001101 1101110001 00111
1010111100111001101 1001110111 01111 110010110010111101 10 11110110 na 01010,
10110010 0111011110 molto-unionem 1 ormljafiskiego, 0011101110 (1101101001 na
101011101οἐ00 111011111οι0 1 010101 1010111 000111·οή111 w 01101010 1111001101 001101

0. 0. 110000110οό1 1 101 1110001000 l 110000101ος0 1010101010110011010110101010
po 11000100101 00100111010011. 1001 gdy przyszlo do 0111101010010 00111011
1013110101 101001010101000101, 0001000111, 011 10101611010011011 0010110100-
dal parafljalnym, z proboszczem na fundaoyl dawnej 101010101 10100111011
1 100101 01001, 110. 1‚200‚ 1011010100 11111110010101 0101010100110. 100011
1110 1011001οΙ 31010-0010110] 0110101011 0001110111 00101101000010111110010 110-
011010 0001111000011 o. 01100010010010 1 0. 0001010001, 0010110111200101010
do 0001001 (10010110111110 1110011000 0010110100100. (1111 0011001111 pora 1010010
00 11001 0101100 1101101111 1010010101, 10101οι 1010101111 1100110000 0, 0. fran-
0111110611, 101010100001101011010, 1010101111 1100110100 001100111011611, 10-
101010 811. 1101011101 0010100101 1 10101011 M. B. Lofotafiskloj 0001 0011101111
3100100010110] 00 011010101010 1001011001 11010100101 1 100100100101, gdy
101000 101 je 1011011οὁ 01101 1101100110, 11110 1010111 1010110111 0101111001101010
ο. ο. 10011011611111011 10101111 0101101011 010111 100101 1000111. 1101010101Μ.
B. Loretafiskiej 1 0011101101110010-001010, 1010 (1101101000 1 1101001000 0010-
11100ος 01101010] 10011000, 0101110111 1010111110, 01111000 0. 0. 0001110000. 11010111
Sw. 1101011101 0110100010οο na 0010101010 (110 101010111Υ 1111011101 1000111101,
00100100 1111110011, 00 0110101010101100111011001 01111 1010111100 101101, dano
00 00001010 1010101011. 1100001011 1011010161 0. 0. 11000101100011, 11100110 bu· '
110110 0011111101 za 01100101 11Ζο100101011101 ΙΙ, 10010 cesara 1111110011 10100-
11001ος leoz sprowadziwszy ze Lwowa 8101111 1111οεὶ01111ἱο 0001111110 przy 1101
1010101010111101110110 01001100 00100101011011111. 000101 1110010100 0001·
0101010101101 1 00110000101001011 1011111611 001000101101101011010 1 0100 011100
01110110100010010 w 10101 101, hyl 0011111111 11011101 0010011101οὴ 1001011001
1111111101, 011101111Ζο0101010 az do r. 1794, 11 1101101 010111 011010110100010, 1010
1101101 1101110111. Ρο11000101, gdy zabrano 01010111 1100111111 1010101όο 1 10111-
10011 0011110101, 1011110 1111010οο (1010010010 10111110ος0, 11100 010 11111 0110111-
1000101000111101 0101010100101,000100000110101,10010011 110. 011 0010101010 0110-
110110 procem (10010010101110 0010001000 0111 101010110101 1010101001. 101
11Ζο0101010, od 1111011101 1001101111 0000100101 000000100001 1010001001,

0000100011011 0101100111 2000111101. 18

 

