186 1111111111.

11111111111 w 1111 1111 1111111111 ks. 11. 11111111111111 1 111111υηὶ1111,
1111 1111111111 11111111 1111111111 11111 1111111111 11111111. 11111111111111
11111111, 1111111111111, 11111 111111 111111 111111 w 1111111111 11111 111111-
111111,111111111111 1 1111111111111 111 1111111111. 111111111111111111111-
1111111 1111111111111 111 1111111111111, 111 111111 1111111111, 1111111 111111
11111111 111 1111111 111 1111111111. 1111 111111 1 11111 11111111 11111111 111111111-
11111111111111111111 1111111111, 1 11111111 111 1111111111 111111111111111111
111111 1111111111. 11111111 1111111111 w 111111 1111111111 11111111 111 11111-
11111, 11111111 11111111 1111111111 11111111111111111111111111111111 1111111111
11111111 0111111111] Ζ1111111111; 1111111111 1111111 1111111111 1111111, 11111 11111
1111111111 1111111111 1111111111111 11111 11111111, 11111111111111111111111111
1111111111111 w 1111· 111111111. 11111 111 11111 w 111111 1111111111 111111, 1111

. 1 1111111 11. 1111111111 111111111111 0111111111111. 1119 1111111111, 1111111111

11111111111111111 11111111 Κ11111111111111 111111111111 11 1111111 11111111.
Ρ1111111111111ο 11111111 111 11111 111111111111 1111111 1111111111, 1111 111 1111-
11111111, 11 w 11111111 111111111111 11111111 111 1111111 1111111 11111 11111111 111·
11111111, 111111111111 1111111 11111111 1111111,1111111 111 1111111111125.
Po 1111 111111, 111 11111111 111 1111111 11111111 111111 miejscowego 11111 11111-
111111111 11111111111 111 1111111111 1111111111, 11111111 111 do 11111111 11-
11111111, 111111 111111111111111111 111 11111111 11111111111111111. 1111111
111 1111111111 11. 1111111111 Ρ11111111, 11111111 profusor 1111111111 1111111 1, 11-
1111111111 11111 1111111111 „vocem 11111111 11 1111111111, 11111111 11111 111111-
11111 1 1111111111 111111 111111 1111 1111111111 111111,11111111“,1111111111111
111111111111111. Ρ1111 111 111111111111 111111111111 1 1111111111111111111111,
1111111111 111111 1111111 111111111111, 11111111 potem 1111111 11111111 dom 111·
111111111111111111111111; 1111 1111111111 11111 go 111111111111, bo 1111111-
111111, 1111111111, 11111111111 1111111111. 11311 111111111 111 1111111111,
11 1111111111 1111111111 1111111111, 111111111111111111111111 11Ζ11111111,
11111111. 11111111 1111111111 prosim 1111111111 11111111 1111111111 1111111111,
1111111111111 111111111111111 do 111 1111111. 1111111111 1111111111, 1111 1111111
11 1111111111 111111 1 1111111111111111111111111 domu, 11111111 11111111111111
1111111111111 w 11111111 1111111111, 111 111 11111 1111111111111, 11111111111 111
1111111111, 11111111111111111111111 111111 11111111. Ρ1111111Ι, 11111 11111111
11111111111111, 11111111 11111111 111111 1111111111 1111111111 1111111111, 111
» w r. 1731—1732 i 1111111, 1 111 11111 1111111111 111111 111111111111111111,11111-
111111 11 21111111 w r. 1733 1 1111111111 1111111111 1111111111 11111111,
11111111 111111 11 1111111111 1111 1111111 111111, 11111 ,1111111111 1111 111111
11111111111 1111111111 1111111111, 1111Ρ11111111, 111111 1111111111 r. 1731-1131,
1111111111 111111 111111 1111111111 1111111111. 11111111111111 11111 111 1111111111
111111 1111111111, 11111111 11111111,1“1111111111 1111111111 1111111111 111-
111111 1 1111111111111111111111111111 1 1111111111111111111111111 1111111111111
nim 11111111 1111111111 1111, 11 Ρ11111111 111111 11111111 1111111111111 S'. Teologii
111111 1111111111. 0111111111111 11111111 111 1111111111 111 1111111111 11111-
11111 w 11111111 111111,111111“,1’111ο 1111111111 rubiono? Ρ1111111111111111111111
1111111111 11111111111 111111111111111111, 1111111 111111 1111111111, 1111111
1111111111111 11111111111111 1111111111 1111111111111 1111111111 1 1111111 1111·
1111111. 111111111111 1111111 napis 11 11111111111 (11111111111 11 1111111111
1111111 1111. 1111118111. Α. Ζ. 111. ΙΙ). 1111111 11111 11111111111111111111111-

1111131111111. 1. IX 111. 7711101. 1111111 111111111111 11. 1111111111 Ρ. l M„

 

