1111111111, 271

11111111 161 6111111, w 116161 1116661161 1116111611 i 1111611111 1111116116 66 66
1116161616, 1 161661 11161161, 16 i 111116111116111611111111161 161166. 016 61
11661161111129 11161611 1. 1781 666111166 1111111161111116161111616, 11 11161111
16116 661611 6 11111616 6611611 1116611616 1 66161111611111 1116611111611111111·
1111616 11111111 16611111111611 111161 16161111111161111616. 1111111111 1111111116
11 1611 1116111661 1116116611 1111111611 1 11161616, 16116111 1 1116111 66 11111116
166 61616111, 611111111111111 66 11161 1 616 6611616111 1616116111 111616611,
prolator i 1116111 w 1616116616 (161181. 161. ΙΙΙ). 1111 16111 6111111 161
1616116611 11161, 1611111661 661616 611661 11111111 111161 1616111111. W 111116
16111616 16116 1781-61661111116116 11 611661 161616611166111611611111 11111-
1616161 6116111 6611616 11116111116 116 11111661616, 11111111 1661661111611611
w 11161611111166111111 11111111.

81111111 111 161166 11166116. (1611. 1784,11 616111111111661611116
1116111111111116111166616161161, 11116161616 16111161661611111161 1611616111,
6111111611 i 1161161611 66 61111, 11 1161111 16 111611 6611666111 66116 116116
moino. 161611111166116111661116616661. 11111161611161116 1111161111616,
116 16616616 111111 116111161 11161 1783-178411111161 1111111161111161611).
W 11111616 1111116611611611 161111 61111 1611661611, 61111611 166161161111611
11111166 1166 6. 19 111161 r. 1784, 66 116161 1 punicis 4 116661661116, 1111116-
16161611 11111 6161111161 1616111111, 66 11611611 1111116166 po 111). 1; 1161
11116161, z 1611661, 11616 611 go 116 116116116-161611666, i 1666 1111111111, jo·
11161 11111111 61616166 616116166161 1111611111, 1116616, w punicis 111 6 161116-
6111161 „valedicentibus professoribus 16111116111661111 16111166611611116111
advocationes 1111611 611611111611 11111. 11611 1166661. 161111. 1111616111
611611116 61116611661166161611611111616. 0611116111116111611 1111111616 1166611,
111 1611111611 1116161616161, 116661611111116661111116116161166611111 161161
11166111611611 66111661166161611 161611 11116 611116 61116116161.1784 11611111
moino 1116111111 6 16116111 1 1161161161 111661111611,161616611116161611-
6166111, 11616 616 11616161116, 66 1111611611111, 1111 1116661111 w 611111 111111
11166116 11161111. 8111 166166616οέ61 11111116, 116166 1161161 1111111111 161161
111166116111111 1111161611 11111616111616111611 116661161161. 11161161
1111161 1 11661161, 1611161 61 1161111111 66119 61611611. 1784, 11111111 111661
1116161161 66 6161116111 111611 1 1611111111611 1116611111 1111161161111161
661161616116, 11116111 i Zowodki, 1111161611116 11111611 6166661111, 16 1616-
111111 11161111 161 116 administratorem 6611611666161161Β61611161,11661’1
1111116611111111666116 16116 6 61616611 1611616611 6111161166616 1661111·
1111161111 16161166 1616161111 (Aeto C. Z. 161. 111). 11616161, 161 16161 roim
6111 21) 111611611111 66166166 111116 1116116161 16611111611 1661111611 611611
1111166111 16116 1111116161 61611, 116111611, 61 spisie 611161 1166111111 111 1116111111
1116 161161 11166161 1111111 11161 1166111161611 161). 111666161111611111611-
161,161611166616111 11 61116116 111116 61611161111,1 16 11116 611 66111616111
16116611οὲ61 po 161 1111611 1111111611, 161161111611116661161. W 1616116111
1111111161 1781 11161116 1111111611 6 161161161166611111616116111111116661111
11111111 1161116161 111111. ’ .

Nio 111 61616 1 111616 161111 111111 11111111111111666111161116166161.
Wiosnos'o 1111111161 111111 611161 111116 116 1661111611 1116161111116616
16166111 1611616 1166111, 61 6111111116 1161611616, 1116661111 i 61161661 111111-
111611611 11111 16161611 1616111161161 1 6166616 111111116111, 3) 111166111161.
ini 61 kapitulo 9 11111611 1. 1784 6661111116111616 kapitula 161111, 111

 

