1011110111. 125

011010, 11061001 w 1. 1663, 00 10100111 1010111 00110101 1101110001, 0101010
101 0111060011 111. 1)Ιο 1010 011011· 01010011, 0100 11111106 010061, 010 010·
1000 1010110011110, 01011 011 000 101100110110100110101011000 2000101010,
10010 1010101010 01010011, 10100101 1666 1010.

“) 1110101006 6101110100 0160 (111111011611101 1 r. 1668 1101110010010-
0100 10110111011 1000101101, 101010100126101010 1. 1666,11011100101 10010-
11111 1 600010110001101110111016010111011101010 (1110 C. Z. vol. I). 1111
00 1101110110 1101000100 11010 100001010010 001010111010010100011016117
11101 811001101010101010. 1110 11110 10100, 061 110110 100001010010 010 11110·
1000111016111110110. 0101110101 10 11101 1010001000, 6110 111101101000161
10101110101010, 60 0600101 1010110 1 10010011 1011010 2000101010 6101010
0601001010 010110, 0 0101000110 01010011 1 10 00101010, 0101011 011 0 0111100·
010 11010000 11010 110001010010 1001001101 06001000). 611111011010, 00101
101011111011100010 1 1. 1649 1 20001010 01111οῑ ,11100 101100 0101111000...
111010100 100 6061010000, quam 1106100100, 100 0111000100, quam 1110000100
culturom 01101001. 100600 06101 6161101101. Ι, 011. 280, 466.

ο’1 Βο11101161100001011110061111 1 10001010101001 11601 10111-
0101 w ,10000160100010 11010011 0 010 01110 0101000110 010 101011.

⁸⁸) 111011 w r. 166610010111010 6111110110 1011101010, Ζ1011101 61110
101110110110,010101011011110101011 1 0110600110 100001010110,ι100101’-
011 10 1010101 1101010111 0001001101101011010011,0111110101010001011010
1001101000 01010100101011010, 1010 00111010 11010 10 011100011. 1001 000101
00111116 11101101101001010010 11101 0100111 10011010 10101011 1011101111-
1010110011110060111101, 111 1 0110010110 10111011 1011110011 1110111111 1110011
010001 10101001, 10 101 010 001011 10 106 11000, 10 61110 11001000, 110 10-
11111101 1001101001 01010010110111111 (1010 C. Z. vol. Ι). 611 2106101 10101
10 1000101011006 010110101110110101, 10111010 I 01101001010111011100 1010
1001011, 1110106011 011 011001οὀ 00 111001000100 16101011 01100101101011 mu
0101016161 1 1101010011οὁ 01011 1010. 1106101 01011610 11000 0101011010-
101 1 1110101110 1 10001010 (1101010601 61611011. 1. VIII, 011. 263, 281).

⁶⁰) TutkowskI, 100101 1000011100 1000101110 1 1. 1669 (1010 111101 II.
8101010 0001010 01111011 11 11010011 1000101101 (8011010601. 1111111011. 1. XII.
011. 12). 1111011110110 110601 1000111101001 (100111 1. VIII, 0102812110 2111).

³¹¹) Ρο1060101 1 1100101011, 116110101 11101010001110-1101000101,01111·
001 0101010 0001010 1 01010011 1000101101 (11011010601ε111611011.1. 1111011. 12).
0110011 11011100 1110110110101 1000111101001 (1001οε 1. 1111010289).

⁷¹) 11110101 1 011010100101106 101 r. 1666 10100100, 10 0. 1100010101
20110011, 11010001 10010111 00101001 (2000011061010100011001),1010100 11-
6010 0011010101 010100101101, 11011111 1010 10011101 do 0111101110101011010.
1001 0101110101, 00100 11010 1ο 00610, 010111 011 10001 110 1001100101 11·
6110110 0011101000 01010011 (111. 10100 Α. Ζ, 011. 93).

¹¹) 111011 1101101011 100101 1000011100 1110010110, 010 11010100. 1110
1011101001011001100010 011 11. 1658,qu 10 10110 010 010010 (11010 C. Z. vol.
1). 1111010 1010 1668, 10 11010110 01011101) ,8001010“, 100001 11101 0111 111·
6000101110 106010110 00011001, 061 1 101010 1010001106101000016110111011
1000101101 1 1110110, 61011 10101 1010, 010 0010111011 0010010111010 Ι 01010·
0110 (111. 116. 111111, 011. 14). 811101 11000100 11011000 1110101110000111010
1 110100101001000101010 10111011 1 01010011. 1110 1011111100 101 1. 1669 06·
110, Ie 101101011,1001010 111011011101110010001110 11106010 01611000) wy.

 

