94 1111111111.

1 (111111111111111 111111111111 1 11111 111111111111. Aia 11 1111111111111 11-
1111 1 1111111 11111111 1111111, 11111111 111, 11 1111111 111111111111111111111
1 0111111111, 1 11111111 111111 11111 1111111111 111 Ρ1111111, [11111111 11 01-
minus Academiae Zamoaaeasiaf‘

⁶) Z 111111 11111111, 1 11111111 11 11111111 J. Ζ111111111111 1111111 11
7111111111, 11111111 8111111111, 111111111111 maslai 111111 1111111111. 1111111-
1111 111121 1111111111 1. 1601, 11111 1111111111111111111111 1111111111, 111-
1111111111 1111111111,111111111“1 111 11 1111111111 1111111111 aamojskiaj (111.
11111. L. vol. 106, 1111. 13). 01 1111111111 1111111 go 11111 2111111111 111111
1111111111. Na 11111111111111111111111111111111,11111111 1 1. 1101 11111-
1111111111,1111111111111ο 1111111 11111 ,11 disciplina 1111111111111.“ 1011111-
11111111 01111111111 811111 synodi 0111111111 111. Ζ11111111, Α. D. 1104111 r.
1609 111111111111111 2111111111, 1111111, 111111 go 111111 1111111111 (111. kaus.
L. voi. 106); 11111111 1111111 11 11111 111111111118111111111. 11111111 1111111111
1111111111111111, 11 1111111 11 111111 1111111111 1111111111111111111111-
11111, 1111111 111111 1 1111111111 1111111111 111111 111111111, 11111111111111
11111111111111111111111111, 1111111 go 11 111111 1 111111111111. 01111111
111 1111111111 1 11111111 11111111111111111Ζ111111111111 1 1111111111 balli
Pawia V 1111111111 111 111 nim 1 111111111111 1111111111111, 11 11111111
1111111111111111 ο 11111111111111111111111111 111 1111111111 8111111 Apo·
saoiskiaj, 11111111, 111 8111111111 111 1111111111 1 111111111 1 1111111 1111,
11111111111111111111111111111111, 11111111 1111111111. 0111111111 111 8111111-
111 11111111111111111 11111111, alania 11111111 11111 111 11111 11 111111 11-
11111111(Α1.11111. L. 111. 101, kar. 189-1031 108). 8111111111, 111 Statui-
11111 1111111111 1 r. 1621 1111111111-11111111, 111111 11 111111111111 1111111-
1111, 1 11111111 11 11111111 11111111111111111111111 111111111111. 1622, 111111
1111111111111111111111 111111111111 1111111111. 011111 11111111111111111111111
1111111 111111] 1111111 11111111111 1111111111, 11111 bagata 1111111111
111111111111111 11111 11111111 Zamoyskiego 11111111 1111111111 (111. 11111.
L. 111. 110). Β11111111, jak 11111 11111111 11111111 1 jak 11111111, 1111111111
111111111111111111111,1111111111111 111111111111 1111111111, 1111111111 11111-
11111111111. 11111 11111111 11111111 11111111, brai 1111 111111 16111111111 1111111
111111111111111111111111111111, 1 1111111 1111111111111, 111111 1 1111
1111111111 1111111. 01111 11111111. 11, 111. 294 1 3601 01111111 111 111111
1 11111111 1111111111 1 1111111111 1111111111. W 111Ι 11111111] 11111111 1111111111
1111 1 111111 11111111 1111111111111 relatorem, 1111111111 11111111111111
111111 1111111 1111111111111111111111 tej akadamii‚ 1111111 11111111111
1111 111111111111111111111111 11 1111111111 11111111 maana, (1111111111. 81111.
111. 1, kar. 2). Wadiug „Anacaphalaoais“ amari 11 111111 1. 1638, 1 jak 11111
111111 1111111111, 1111111 11 111111 daia 1711111111163811111 (1111111111
mbmw

Na 11111 111111111111 1111111 1111111111 1111 1111111. 1111111111 111111-
1111 (Magistratus Academicus), skiadai 111 11111111 1 11111111 (111111111111111
111), 1111111111 1111111111 (011111111111111111 1111111111 (Quaestor 1111111111
11111111 11111111 11111111 (quatuor 11111111111111; 111111 1111111111 1111111111,
11111 1111111 (3111111111 Viatores)i 1111111111 1111111111111 (atriensis).
11111111, 11111111 1 11111111, 1111 111111111 111111111, magii 11111 11111111111
11111 111111 11111111, 111 111111. 6111111111 111111 111 1111111111111191111
1011111, 1111111111 111 1111 1111111111111 1 11111111111111111111 11111111·

 

