226 1111111111.

11111 111717, 71117111 77171 1111171111171 171177 11771111111771, 1111 1111111-
111171 117171 11111171 w 71177171 7 17111177, 11171111 7171171711 1171111,
11111171. Ρ117117, 71111711 7 1711711711 11117111 1171111 171 117177, 111

x 1711717177, 7 11711177 171 171 1111111111171 111111. Ks. 7111771177, 1171-

111111 1111111111 11111117 1 1711711177, w 71177171 1111117711, 1111111, 717711
7111111171 7171 17171117, 111711111111711171 117171 7 1111111171] 17177111
1111771 1171111 1171171177 11117111 11171. Ζ 111111171171711111, 1711111111
7111171 1111111171 7171711117 1111717711, 11171117 71177171 7 1711711711 17177117.
Bez 1111117711 171117111171117111111171 11111111111117111111111711711177.
81177111117111711711 71177171 7 7171177171 8171117111,77117111177111,11171·
11111Ρ11171177117111 7 8111717711 1111111117. 817 711111111111, 71171117
11171117 1711711117 71717171 7 7117111111. 771171117111111171 171117 1771 1711171
7117717 71711711177171 7111717717 7 1111117711,177111171 1117111111 1117117111
11171117. Ρ1171717 7 1717171717, 77111171 11711171111111,1”171·71; 1 7777711-
7111171771711171 7717. 81711111 171 1111111117 1177711117. 1171771 1111111111·
11117111111717111171117117111771, 1111111171] 111117111117 w 71777171. Ζ 7111
711 11171171, 1711 7111 7177171 tego 111717111111, 1111717117 117171 17111171 7171111111
1111777171171711, 77711 1711117711 1111 1111171171, 7171 11117117171117171177111.
77111171711117111117 na 17171 1171177 7 w 171 11117. Ρ11117 11711171 1111177
17171111 11111117177111, 71. 7771117111 711711177111, 1771111171 71117177111111111
11111171717171117171 J'ego 11111171 11 1111711111 1117117111. 01717171 11171
111711, 1711711 innomi, 1117177 11171 10‚000 171. 1171 71117111 11 1711111171 1771-
1111111 1111 71117171111177117111 171111171771, (7177111111 7171177171171171
11711171, 1177771111 11111111 1111711711111111117 171111 111 71117. 87171171
1117171 jego 1177 7 1 7171711771 11 1111711111 1111717111 171111171771171-
71111111 117177. 77177 71 7171711711 1111111111 7 171171 111711 1111711111 nio
1111171171. W 71711711 11117111 1717111111 71717171, 7171 1111171171 171 11171171
ο 71. 7111111771 „Aula 7717117171, Die 79-24 Decembris (77) 96. 7711111171
77711717117111 11 81111111117111 77-111177111111711 Τ1117171717777111111717171711
2111111171, 17111777111111 7177711111, 7711111771 cathedralis 0717111171 111-
111111711771187, sacramentis 1117711, 11111711 71 1171111111, 71 0111171171
1111.“ 7717171177111 11117111 11711111111111111711111777 1711111117 1711711771]
11. 7797, 1117171, 111717 717 88 1717116471171171711. 7717111117717177 7117
11717171 11177117171111 7171171771 1111111171 (711111, 111171771177117181.
Μ7171171 w 71777171. Po 7171117 1111 1111 1111111177 1711717111 711· 11171-
7111 1111111171. 777711 7717117171 1117111111 1111171171717 171111711717117177111.
8171171771 117171711117171111-717171711 1111117711, 771171 71 17 1117117
717717171771 1111111117 71177171, 171 7 1171711117 1711111177, 1 w 11171 117171-
71111711111171, 7 1117111117. 77171711111111117171171171171 1111117711 71717111
1717171177-717171117 1111711117 1111 1111711111. W r. 7866 111171 1117171 11
171171 11711711(1171111111’ 111111711111 7417.

¹⁸¹) Acta C. Z. vol. 11 7 777; 171. 17171 Ac. Conv. vol. 11; rkp. 77111171.
(7111117. Μ71717177 111111111117117 11111171111111 Μ1771111771 7 Franci·
117711817111171171171177 7171117717. 0171717171 17177171 1117171 1171111711
do 717117717117171] 11 1117111111, ’117171 1171711 w 1711111111]7171171117171177
1111717117 (171117. Caes, R. Cath. Petrop. 771 7711711771 171. 071111. 81111,
7891 - 7892 171. 179, 7777, 77777. Μ7171177111 1117111771 1711711711 w Ζ11171711,
17111711 17117171 17171 1117 11171171. 871771111711 8171171711 1171111191)

 

