1111111111. 153

1161111 11111111 111111. 1111111111 11 1111111111 11111 1 11111111 1111111 do 111-
1111111, 1111111 11111111111 11 1111 111,1111111111,1111111911111111111111
„a ioco in 111111, 11111101911111 et fructibus canonicatus sni oto“. Roolnowioz
11 1111 111111 11112511111111.1. 1691 1111111111 11111111 kapitulo 1111111111-
eij. Β1111111,111111 11111 11111111 1111111 11111111 calogo 11111 11111111 11
111111 1111119 1111111111111111111111111, 1111111, 1111 1111111111111111111111,
111 11111111 1 1111111 ottonom 1111111911. No 1111 1111111 111 1111111111, 11111-
11 1 1111161111 1111111 (1111111111111. 1111111111 1 promotorem 111 1111111
1111 11111111111111 1 91111111111111111111 Abroi. (1111 1191111111 1111111111,
11 9111111111111111111111111111 mono go 1111111 1111111111, 11111 11111111) 1111·
11 1111111111 stopie 1 11111 111 1111111111 1110111111 1111111111,1111111111 111-
11111111, 11 1111111111 1111111111 11111111 do 1111111111 1111111111 1111111111·
11111, a 1191111911 111111 1111111111 do gremiium 111 11111111 1111111111111,
1111 119 11111111 1 1111111 1 11111111 111111 111911111. 011111119111. 1694.
Leon joi 11111 111 1111111111 [1111111111] 11111 11111111. 16951111111119,1111
11111111 1691 1119111111111, 111111 111 119111· 1116111111, 11111 1111111191 111-
11111111111111111. 111 11 kapitulo kwioinionoj 16971111111111111 111, 11111
1111111111 11111111 11111 11111111, 1111111111 1111111111, 11111111111111111111111
1’111111111,11111 1111111 nim 1111111911. 11111111 11111111 1 11111111. 110ος 11·
1111111 111 hodoco 1 1111111111 1 1111111 1 1111111119, 11111119 1111111 1111111-
111 1111111111 11111111 111111111111111111111111 1111119 1111111111 119 111111111-
onom i 11111111 111 1111111111 do grona owogo. spostrzegisny 11111111, 11 Rooho-
1111 111111 1111111111 r. 1702 i jnko 11111111 1111111 1 ο111ο111,11111 11111111-
111 1111111111, 1 intono 119 11 1 11111111 1111111111, 1111111111 111111 111111111-
1111111111111111111 1111111111111 Roohowionowi 1111111111111 1191 1111111
„do 1111111111 1 11111111, 111111 1111111111 ,111111οωὶ111 ad 11111 tantun modo
principum 1111111111 atquo 1111111111111111111111111111, 111 1111 professioni 11·
111, daia nni 1111111111119, 1 1111111111 1111111111 o tom 11111111111111, 111·
11111111 119, 11 ,1111111111 11111111111111111 ogni. Ν11 1111111 unani 11
1111111111. 1111111, 1111111· 11111111 1111111111 1111111111,1111111111111,11 1111-
1111 111 11 1111111 1 1111111111 1111111 1111111111 111 go. 1111111 1111111
1 11111 111-11111111 1 11111111 119 111111111111111111111,111111111111 1111,
11 io 11111111111111111 1 1111111111 11111 11111111] 1 1111111 1111111111. 1111111111
1111111 111 1111111111111111 1111111 1111111111, 111 11111 111111111111111111-
11111111 111 111111 1111111111] 1111111161 1 1111111111111 11116111111111111111·
1111111111, 11111, 11 111111 111111111111111111 1 1111111111, 1111111, 11111 1111111
111111111111111111111. 1111111111111111111111111 1 1111111111] 9111111111 111-
nonii, 111111 9111111111 8111111111 111111111111111 1111111111 1111111111111,
1 1111111111 1. 1101 1111111111 11 1111111111 1 11 1111 11111111. 1106. 0111611
11111111 1111111111 (11111111 11111111, 1111111111 11611111 11111111 11111111. 0111
111111 111111 1 11111111 1 1111111111 1 1111111111 91111111111111111111111,
1 11111111111111111 0111111111 1111111111, 1111111111 on 1111111111 1111111111
1 11111191111111 nn 1111111 ogoiniojszogo 1111111111. 21111111111111 11111111
111111111111111, 11 111 111 11111111111111111111 111111, 1111111111 1119111111-
1111 11111111111111111111111111111111 1111111111. 111111111111111 dion 11111119,
11 1111 11111 11111111111111111111111 111111 inrogo 9111111111111, 11111111
no 111 11111 1 1111111111 1 1111111111. 0111111111 111 1111111111 1 1111111111 1111-
nii 11111111 11111111111,11111111111111111111111111111111111111111 sio 11 111-
1111111 1111111111 1 ordinato. W 11111111 11111111 1 kapitulo 1 1111 1111111, 111·

 

