74 0000000010.

01010 101 0000101, 100101 100001, 0010 0 Major. 1629. Clolo jogo 00000010
0 00001001001 10001010 1010011010 0000101001, 00010 00110000 0100000010οο
00 0010111000 0110000 00 10000· 0000 00 010000 0000 1000001, 0100100001οο 1000
1100000 801011 Dr. fil. 1 000, professor 0001000100 01000011 0000101101, 00000011
0101 1011100 0 0000000 0001011000 0 00000100010 0001000. Ζ 00000101ος0 po
010 000010, 01000000 10001010 0001010 010. 12099 na 0100000010 0001000000
1001001111101101010 0110001000, 010 0 1428 00101. 111010 001000001 001001010110-
0110010 0000101101. 1100100000 0000000010 01000 010 0 010 0000100010 0 Za·
000010, 000001111100001 0010001001 00000000 101 fundatorem 01000011. Ρ1000
800000001010 0010101000 0001000000 1010 111101001010 00 10010 10οο 1 00 00100-
01, 001100110 100001 01100 100110 010 0000001 00100. Ρ10010 0 810000001010
0101ος 001010 0 0. 1894, jak 00010010 01000, Dr. Zygrnont Uranowioz 00001
0110000010 00 0000001 0000000011όο 000010 ,1000180000υο 800000001000”
110110οη0 10010000, 000100000100 0100000001 11010010001000100000100, 000
1010100 ,800000 8000000010” 0001100001 10001000 0. p. 1100001 8110100011,
1001000110 Ρο0.Α1. Um. wKrokowio: Wydr. 1101-11101. 1 1101, 0 0010
18101. ΙΙ 010. roo-213. Z 01000 0101000 00000 0000100001 0000000100 po·
0000001010 000101ος 0. p. 10001 101010000011 00001 ,11110 010000000111-
0100 0100000 8000010001000111101101010110000.1110. 1890 010. 141-161).
Napis 0001000 do 0010 00101010101000 0 10001010 1011000010 0000101101, 000010·
000110 00100011 010001οε 80111011 1 1101101ἰο 001010 ,8100010100 Ρο1010
110. 000 01000000, 1 11 010. 198 1 799. 1010 101 1000000101 1110011, 000100000-
01000 rorem 0 8000000010000 00 0000000000ἱο 0100000001 00010000000 010
01000011 0000101101, 00000 0100000001 0 00100100, 10 001000000111001 01000
1010010110, 1000001 100001 nie 000100000. 10000000001010 00100 0010000
0100101010, 110000 0 001010101001 00000001 0001001001 010 10000011.

²) 100010 00010 tego 1000000000οο 000100 001 00 0100000010 0001000000
01000011 0000101101, 00010010 010 00 101000 0010000 0 Ar. Kop. Z. 8100111100
010001 0000 01000010 00100010, 10 00010001 0 000010000101000001000000 go
0 0010001.

,000 10000011 οΖ0000010100010001Ηο1000 11000000, 801011, Molbor·
011, 110001011, 1000001011, Μ10000010011, (10000011, 1000000011 010. 81000010.

Wszom 000001 1010000 0 000000 100010 01000100 001010, 0001001110.
11 000010 00 01000010, 110000 0 0100010000 10000010 0010101 0100 1101001000
00 00100111001101 001011001 1 00000010100001001 101000, 0 01001 Ρο00000101101,
00 00010010 1000000110, 0 110000Ι 10 001 0001001000] 0001000010100 0000 0010
1 0000000000 00100010 1 10000010001 0101001 Ρο00110000010001 81000001000001,
000010 00100010110000010001 0101001 Ρο00 100001 [10010000011000010 00100010
110000010οο1 0101001 Ρο00 1010100001 81001001000001 Ρο010000000 101 1011000011
0000101101. Consors 0000000110010010000100101 0101001 1 00010000 101 0010000010,
00 01000 10000 110010000οο0 00100 00000000. (100 01 1000010 110100000001000101
010000001001000001000001000, 10 0000010 no 11000010, 0001000010010,1001-
0000000 olo 00000 1 0001000001 0000010 0 0001, 0 Alo 010001101 0100000001 00·
00001 00010001 00000 10 0100 0 000000000, 10]Ι 10 Α100001100000.110110001 0000-
00000001 Ρο00010Ρο010000000100111000011 01 010 00 1000011011 00000. Po 0010010
100001 101, 100011 010100 00101, 0 00 100100 do 10001110 0 11000011 00000,
100010 10 01000, 0100 00100 0011 00000 0000, 0100 01 00 100010, 0001001100
100010 00000, 0010010, 001 10 00100 00100 0010 001 00000 Ρο10011 moje odej-
000000, 01010 01100 00 10000110100 1000011010011000100 010 0000010001011.

 

