11111111. 181

11111,-111111 111 11111 1 111 11111111 11111 11111. 1111111 111111111111
11111111111 1 11111111111 011111111, 11111111111111111111. (1111111111
1111111111 1111111111, 11011111 1111 11111111 1731-1732,1732-17331 11-
111111111111 11111111 111 1733-1734, 11111 1111 111 1111111111 11111111
11 1733,11111111111111 11111111111111111111 111,1111731-1732 111 011111,
111 1111111111 1111 11111111, 11111 1111 11111111 111 1111111111111 1111111111
1111011111 r. 1732. 0111111111, 11Ρ11111111 11111 11111111 11111111, 111 ’
111111111111 11111111 1111111111 111111111111111 1111 1111111111111111-
111111 11111 11 11111 11 11111 11 Ζ1111111, 1111111 11111111, 11111111 1111
11111111 1 Ζ11111111 111 1111 1111111011111, 111111 111111 111111111 111
1111911111111 1. 1731 11111111111111. Sam 011111 11111111 11111111 1.
1732-1733, 1111111 11111111 1 1111, 1111111111 11 1111111111 11111 11·
1111111733-1734, 1111 1111 11111111 1111 111 11111111, 11111111 1111112
1111111 1261111111111111. 1733. Ζ1 111 1111111111 1 11111111 1111111111,
1 11111111 11111111 1 11111 1111111111111 11 1111111111 011111111 111 11-
11111 111111111 111 11111 11111, 111 111111111 11111111. 0111111111111 11·
1111111 1111111111 1111111111, 111111 1111111, 11111 1111111 111111111111
1111111111, 11111111111111 1111, 1111111, 111 11 11111111 1116111111111 111
111111111111. 1111111111 111111111 11111 111111111111 11 11111111 111. 3,000,
1111111111 11111 011111111 1 11111 11111 1000111, 1111111, 1111111111-
111111-011111. 0111111111111 1111111 1111111 11 11182301 11111111111111·
11111111111111111 11111111 1 11111111 111111111111 1111 111. (11110.
Ζ. 111.Π1ΠΙ)

¹²⁰) 1111111111.1111111,Α1110.Ζ.111.11.1111111 Ζ11111111111111
1111111111111111111 (3111111111.3111111111111111 53).

¹⁸⁰) 1111111111111.1111111111111111.,11111111111111111
1111111111“111.11111111. 1111111.

¹⁸³) 1111111111111111. 1111111111 11111 11111111111111111111111111.
1111111111 Β11111111. 1. IX 111. 97.

¹¹¹) 1111111111. 0111111111. 11111111. Conv. vol. 1111. 11111. L. vol.
115111 1. 1725 1 111 126 111 1. 1737. 11 11111111 111111111 11111111 111111
11111111, 111 111111 1111111111 1 1111 11111 1 11 11116111111111111111.
0111111111 11111111 1 1111111111, 111111111111 1111111111111 111111111
11111111 11111 11 1111, 111 11111111111111 1111111111, 111) 111111111111111-
1111111111 11111 111111 11111111,-11111111 11 11111111 1111111111111,
111111, 1111111, 1111111 1 11111161. Do 1111111 1111111111, 11111 1111111111
1111111111, 11111111111111 11111 1 1111111111 1 1111111111 111111111, 111·
11111 1111 1111111111111 11111 11111111111111111 1111111111, 111 11111111
1111111 1111111111 1111111111, 1111 1111111 1111111111 1111111111. 1111111
11111 11 1111111 1111 1111111 1111111111 11111 1111111 1111111111 111-
1111111111, 11111111 11111111. Τι1111 1111 111111 1111111 1111111111 11111-
111111111111 1 111, 1111111111 11111 11111111 111111 1111111111111, 11
11111111111 1111111111 1111111 111111, 1111111111, 11111111, 1111111 111
1 1111111111111. Ριο111 11111111 111111 111111111111 11 1111111111111
1 11111111111111 1111111111, 1111111111111 111. 111111111111111111111 111·
dach 1 1111111. 8111 1111 1111111111, 1 1111 111111,11111111111111111,111111·
11111 1111 11 1111111111, 1111 111 11111111, 11111111 1111111 111111, 111111111111,
11111111 1111111111 1111 1111111111, 1111111111111111111111111. 11111111
1111111111111111111111, 1111111111 1111111 111111 11111111 1111111111 11-

 

