00100. 7

1001 1001110110 1 010010 01010600110, 10 10110001 00001 010600101οἰ
owe 00 0060111611ἰο 1 01060110600. Ρ101110 60 1. 1665 010100
1 0010100, 10110 00010101 0 01001100000011 601011101110011 001000
0101000030 06 r. 1666 do 101100, 010010 1101600 01066010, 0000100000
1 16100. Cala ta 00011 10100100 1101010 60 001000010101000011,
0100001010101 00100 01010000 1 61031 0 0101000010011 001111001000011
00 r. 1665 01000010. Ρο0110610 010100 0 010010 10600111030, 00-
1010030 1 01010030, 10110111 1101000060101000 000601 10100100 00
0111011000. ’10110101010 00100601 0600100010 0100 6010010010011
0101000030, 10100610100110, 1110310 010 010101 66010, 00 006000, 10
1161010001001101001010 0100 1001110110011 1030 0000010011 101010
1 0600100010 1011110. 11010 10 1010, 01006000601101010100101010 00.
103010100100, 11610 01000 owe dodatki nie 10110 00000 10611011.
100110001011001 0000010111, 010 101010οθ1 000031000110 00101110 10-
10010001006010. 60010 10 1101010106 Ani 0 10101010100100, 001
000160110010 010010 0 111111 0101030 0 0101110111 1000011 1011001060
00061000000011 11610011 001010010 00 00001, 010 100100 11010 wy-
6106016.

8000611, 0 1011 000100600οο 0060010 0100010001 00101 000·
101 10100100, 00111030 116111030 00100010010. Wydawca 01000
003106 00 3160110 000000010 0060000030 10100100, 0010100000
00 00010 101011 Αο0000110100010 Ρ10100001001 Academiae Za·
moscensis, 0001006011 10101 0060110 001000111 0101010000. Po
00010, 006103 060100100030 01000 610 0060010, 00011000110001066
1006 1100010 (a) 110060 0010061000 10010010 0101010 01001100000
0060101. 110100 0 10100101030 10600011 010 000100060000, 011060
01010110 0106000101010010 0 0100001, 11610 11010100010110. 1160001
010 10 16011101 60 1010160 0001000011, 100 0 0116001110, 11060.
060101 w 001000100100001101001000000011, jak i 60 01160011 010-
0100161000011. Ρο010001 0060101 by} 6010100110101010, 0 061-
010101 0100100 00110300οΙ1 00000361001116111001060010101000000101-
000 0 0101000010011, 6060111 10110 061010 0001000011. 1101οἰ 10 000-
101011001 0100001001οῑ 00 001010 60101010 01010010030, 0 001001
01101001 0610101000011 60010000000. Ρο6 1100110 11111001100000000
000001010010 101010 000110010011 0 0101000010011, 0 11610011 00110-
101 0011110011 010 0101111,1116100 60 111060101100001001 0001011 06
1010 1715 01 60 1010 1181, 10 1001 60 10600 101 101010010.
600001010010 000 010 10101 continuatio Anacephaleoseos
professorum Academiae Zamoscensis, 11 00101000000000 01001
00116601 6001000001 010601000οἰ 0 0101000010οὴ 6001030110 010101

 

