130 1001110111.

0100001001οὀ, 0 00010 1000οο010 0000010. 610000 010 0 tego kapitula, 000010
0010001όο 0 00011010000100, 01000100001 010100, 000 100010 010010 000 00·
100000010οο 0100110000010 (101000). 11101000 000001, 00010 0010101000 000001
00100000 0001010, 000010 11000 100010000010 00108101010101. 1687 010010

, Μο1010010 0000001110 0 1100110101 0100001110, 00 00 01000010 010000100 00 su·

010 1001101000· 01050000 01100 0101000000 00001010000001. 11100100 10110 00·
000010000010, 1001101όο 0101 0100000ἱὸ 01000010 10000000, 110000 01000 00 010,
110. 3500, 0 1101000 0100000010 00 10011010 010. 280, 00 8001 0000100 1111010 01-
000 010 000001 0 00010) 010. 480, 00 0110000110 010. 2380. 0101, 100 01000101-
10 000 10 01000010 0 010000001 1 10001000000 010. 1000 00 0101000 010000100 00
100001010οΙ0 0100 0101000101100 0001010, 0 0001010111 010010 0 00000100οο0 00·
001 0000000, 00 00 000111 0000001, 11101010 2010000111, 00000 0000110010 010
0100001110 01000 10011010 1 01000011000000100 100 100100 0101000 0100000 0110-
00011, 00 10000 001100 0000010000, 0 1101001100, 010 010010, 0001000110001 0001000·
1000100010000010 l) 00 000010 010011 100100Ι 00 100100 0101000010 00 000001-
010010010001010001011100 21 00 0100001110 0 00000 10011011 010. 50000 000101
010 010. 12‚000; 3) 00 001001 000010 010011 00 0100001010 010 00 50000110, 010
00 38000 010. 0100000 4) 00 00 38000 010. 010 1000011000 000110 0100001, 010
0026000010.οο 010001 00 010, 0 00 1200000 010. 3 1 [11. 1000 0101000010,
010 010 tego, 00 10 00101010 suma 0100000 0010 01000 1000010101010010000000

00 80011 0000100, 0 1101000 00000100 01011 01001000010 1 010010 00 010000 od
zlotego 1000010, 000100 00000 00 010 01000000 010. 3 1 gr. 1010010000 010000-
10. 110 0101011 101100· 1001010000οἰ 01000 010 0001011 01000100 0100001100, 101-

101, 00101100 1 0101000100000ος 010 00 0010110010 10011010, 0 0100010 ,00 00-
11001001001100 01 postulationem 11101Ρο110οΙ 010011100110 000110101 - 00 0111-
0100 000001000 00100111 1 01001011 000100010000010. 8010 10100001 11010000-
110000 000100 001000 0010000001, 00 011000 10011010 100 1100000111 1000011
0101010101, 0 00 011000 0110001011 11010100 11100011 0. Ρ. D·r 010100011 1000101,
00011 010 οο 1001100, 00010 0000000 0100000111 11101010 Ζο000011, l 10 0 0000·
00101110οο000 0100110011000 10010000, 00100111 0110000 12000010. 0 0001 010-
0000Ι 00010 1100110100]Ι 50000 010, 000 70000011 00010100 0010 5 10010 16871.
01100 01110101 1100110010 100100110οζ0 0000010101 010 010010 00 100100 010. 01000·
01100 000001010010 0100 0101000101100 (11010 C. Ζ., vol. I). 11100001 1100010·
000010 0000110 0010 8 1101010101. 1687 01000010000001 010000 00000010 00
00010 0000101101 0010 16 0100010 1.108800101010011 (Ar. 11000. L. 001. 158,
011. 1004-1608). 1011010101ηο 101 1010010000οΙ 00101000] 01100110 0100001110,
01010 000100001 000 00010 000100010οε 01010000, 00 0010 00100 0101000 00·
001010 00000000010 01001 0100001100 01000010ος 0100110, 00 00 000000 1000,
0000101000οἰ 010 01010 10000000 01000010110. 110000 101111, 10 001. 1015 do
1668, 01000 000001001000 010. 00 0000010100ὶο 0100 0101000101100, 0100010110 010
0001010100οΙ 010000 010000100 001001101όο 010000οο0 00 0100110001 (110. Lib.
000001, 011. 101, 0010 C. Z. vol. 1 00 1. 1059-1688), 10100 1100 0100010 10111, 00·
0010000, 01000010 010010 00010 00011000, 00 100· 00100100 0 00000101οο0 010000·
100010 0101010 010100· 000000100. 11010010 0000010000 0010 00100 1011110010-
000 010001000000000100001101100, 0 0001000 00100100· 01000000 0000000 000010
100000 00000000. ,1111010 10000001 0100001011οο 000100 0101001οθ 0010 1 0010010-
10 0110100100 000000, 01010 010110000101000 00111010. 20010010, 10111001 0010000
1000000 200οο011000, jego 0000 1101010000 10 0101000000 1010001οο 0000 00100000
10000011011000-00010010010,10110 10 0110000000 10 0001000010010 00 01101101 010·

 

