311

3. Κ12626, (1161161666, 1161612611 66161161116, 6616111 6611 661616 ΟΟ.
11666162166611ι 611. 76, 87, 120, 273, - 2) 166616121661111661111616-
616 Panskiego 1 1111161116 16662 2166116661111616616 S. Tomasza
Apostola‚ 1661661666, 1611661616 2 16611616, 11161661 1662626111
161262616, 6162 61666126626616611 161161166166 611. 75, 33, 87, 110,
111, 126, 132. 163, 161. 276, 277, - 3) 1666161 Zwiastowania N.
11161611), 1661611666, 2 116621616111 ΟΟ. 11666162166611ς 611. 120,
115, 273, - 1) 1666161 1661611666, 211662161661 111661 61116616111216
16261161661 6611 1611 661616, 611. 273, - 5) 1666161 1661611666,
2 11662161616 66. 1161666611 62611 661661666611, 611. 273, - 6)
1666161 6161616666 2 116621616111 (10. 16161111616111, 611. 189, 190,
273, - 7) 166616161 1161612611 (1161161666 661661 6161611666, S.
Katarzyny 111,, 61666261616166 626116166, 611. 273, - 8) 1666161611
Μ. Β. 161616661161, (1161661666, 626116166, 611. 163, 213, - 9) cer·
kiew 6161611666, 61616-1161616, 2 1166216166100. 5626116666,-
10) 6611161116 (1161161666, 61616-661616, 6616116166, 611. 273, - 11)
1666161 6161616666, 6161166616-661611, 6616116166, 611. 273. 16616·
16666 (16616626666 w Ζ66166616ῑ 1) 6261161 6166116116616111216,611.
273, -21 6261161 w 61166616 66112612611661 616662616 6 2111612611-
616111616 16611616, 611. 163, 195, 273, - 3) 6261161 66 61261161.
1666611661, 6611 2612611661 616662616 6 261612666161116111 16611616,
611. 163, 195, 273, —· 1) 1161111 6666266, 26162666 61262 1666 Ζ.
1611616126 1 1161616116, 6611 26161266616111661 16611616111116616,611.
69, 103, - 5) 116111 66116266 01626616, 611. 103. 1661616666 11611-
16166 w 2661616111 1) 6161166116 2 1661616666ιηί 6116161116 2616266·
1111 (66112 1162. 6161122161), -— 2) 621616 6616116166 611261666666 61262
1121611666-16161616, 611. 76, 110. 1661616666 6616161611666166 166116·
we: 1)1166;161161161616111,-2)8611 1611216611 1 1611161626, 611. 37,
39,10,11,100,103, 106, - 3) 6111611111661111 2661116116 1116
6616112 26116161, 611. 151,-1)Τ16611661 1116 611661 616666611611,
66112666 6616116 w drugiej 1116166661, 611. 39, 11, 51, 53, 61, 113.

2161116 112616 6126 6166616 tego 1121616, 611. 1, 1, 9, 21. Spo-
6611 1161666616 1121616, 611. 7-18. Cel dzie1a 611. 9, 31.

 

