198 1111111111.

111111 111 1111, 1111111111 111111111111111111111111111111. 11111111 1111-
1111111111111111111111 1111111 111 11111 1 11111111 111111111111111111111111,
11111, 1111111 1111111111, 11111111111 11111111111, 1 111111111111 11111111 11
111111111111111111. 111 1111111111 1111111111 (1111111 11111111) 1111111 11111
111111111111 1111111111 11111111, 111111 1 11111111, analogii, ortograffl: 11111-
11111 111111 1111111111 111111111111111111111 1111111111, 1111111111 1111-
11111111111111111111111111111,111111111111 1111111 1111111111111 111111111111.
11111· 111111111111 1111111111111111111111111111 111 1111111111 11111111, 1111
11111111 1111111111 111111 1111, 11111111 111111111 11111111 1111111 1111111
111 11111111οέ11, 1 1111111 11111111111111111111111111111111111111111111-
11111111111111111 111111111111. Iuni 111111111111 1111111 11111111 1111111-

111111 1111111 111111111 111111111111 1111. ,1111111 1111 11111181111111111
111111111111111111 1111111111 11111111 111111111, 1111111111 1 1111111 111·
111111 111 11111111111111111 1111111111111111111111111 1111111111, 111111 111111

1111111111111. 111111 1111111 1111 11111 11111 1111111111 111111, 11 1111111,
1111111111111,1111111’ 111111 1111111111 11111111 1111111 11 1111111, 111111-
1111111 11111111 1111111111 1111111111 ,11111111ό1“, 11111111 111111111111111
11111111111, 11111111 111 ο 11, 11111111111111111 11111111 1111111111 111-
111111111111111 1111111, 111. 11111111 11111111 111111111111111111 zura-
1111 1111111111 1 111111111111 11111 1111111111, 11111111 [1111111111 1111
1111111 111111 1111111111111111111 1 1111111 111111111111111111111111111
111111111111111 11111111. 8111111111 11111111 111111111111 1111111111,-
1111111 11111111111 1111111111111 111 1111111111. 1111111111 (vacationes 11
1111111111) 1111111 111111111111111 1 111 11111111 11111111111111111111111
1111111111, 1111111 1111111 111111111 1111111111111. Ζ 1111111111 111111 111-
11111111 111111111, ’11111111 1111111111111 111111111111111111111111111111111,
111111111111111 1111111 11111111 1 11111 11111 111111 11111111, 1111111111
111111 111111111111111 11111 1111111 11111111111111111 1111111111 11
1111111 111. 1211, 1 111111 111111 1111 1111111 111 1111111111 1111111111
11111111111,11111,111 1111111 1111111. 11 11111111111111111111111. Ζ 11111
111111 1111111111 1111111111, 11111111 1111111111 11111111 1111111111111111
11111 11111111111111 111111 1111111111 11111 11 1111111111111, 111 1111111,
11 111111111 111 1111111111 111111 11111. Ζ 1111111 11111111111111,1111111111
1111111111 11111 11111111111111 111111 1111111 11111111. 1111111111111·
1111111 11 11111 1111111111 111111111111111111 11111111 11111111 111111,
1111111111 11111111 111. 1111111111 „provisor 1111111α 111111111 11111111.
Ρ11111111111 1111111111 11 1111111111111 1111111111 1 11111111111111111,
111111111, 11111111111111111111 11111 111111111111111111 1111111 1111111111
111111 1111111 111111111111111 11111111 111111111111 11111111111 11111111,
1111111111111111 11111111 11111111 1111111111 (fundi Ο11111111),11ο11111 11
1111111111 111111 11111 1111111111111 11111111111111111111111111111111111111-
1111111. Ρ111111111111111111 11111111111111 1111111111, 11111111111111111111
11111111111111111ζ111111111 1111111111 1111 1111111111. 111 111 1111111-
111 11111111 111111111111 11111, 11111111, 11 11111111111111111111 1111111-
111111111111111111111111111 11111 11111111111111 11 0111 S„ 1111 111 11111111
11 111111111 11111111 1 1111111111 111 1111111111111111111111111111111
111111111111 1111 1111111111111, 1111111111 1111 111111111 111111111111111
111 111111111111111111111, 1111111111111 111 11111111, 11111111111111 1111111-
111111111. 211111. 1111111111111 11111111, 11111111 111 111111 1111111·

 

