1111111611. “ 111

1116111 1611116116 661116111111 11611611 11161 1161111111116111110666161161
1611616111,1611111111661161116111116616, 816161 1 1161616 Ζ11161661 1161111
1111166111 1611 16 6-11 11611161 11.1666,16111161611111161611-11111616.
1116116611 116 tego 661116111111 111111 1 6-11 11111661 11611 11116111161

· 111111111161166111 (111.1166.6611.Ζ., 111. 13 1 14. 11116161 111161111161·

1611116616 1616161161 11161111 11616 16111616 11116116111111116111111111116111
6161166161 41. Ρ1161,161111616’, 1661111 11616611616,16161116116161, 161611616
666111116111 ’1611161 16161611, 6 1161116 6111661116] 166116 1611 161666 11161
61161 1616116 1111666111, 11111161 go 66116 do 1611111116111611111116111111.
1. 1663 6116111161 1611111111 1616161111 1 16111616111 w 1111161611. Β111111
1116166111 61 do 11161616 1616 1111111116 1161661111 po 111161111611116661
61161161611611111. Kons. L. 161. 147). Ρ611161161 1611611161,1111111 r. 1667.
Ρ61661611 po 111 praee 11611616 1 1116116661 1 (1111161 6111661616 (Μ16161611-
611 11611661, 1. ΙΙΙ. 1161161111, 611. 30ος 1611616166 ΒΙ1111611. 1111, 611. 2891.
2161166111161616116 1116161 16116661 1111616111-111111616, 11611111111616-
116116έὸ. 161 6111. 76161611, 161616166611161116111, 61111111 16161611, 111116
16 11116116 1 1616611111, 1111161116111111 1 161616116 6 611 16116616 11611-
616111 1 1161611111 1 11611111 0666161161, 1111 Μ1111 1161111111 1111111161 (161-
11616161 11116161 6611661161), 61111 7 Κ11611111. 1665 11111161161611116. 11161
11116 61661111 61116111-116161616111 16 1161161611 11161161166111 1 banne-Barba·
111616116616161111. Po 11116111 1616, 1611111 1111 6111111611, 16111161 111
1661111 6111161611 Γ1111161111 Ζ61161611, 1166116111 61611166161611, 1616 1611111611 κ,

616116116166 6111116611, po 1116611161111166161111116111161161616 11116161 “ ,

1161116611 2616161161. Τ1116166611 161 11161116 111111116116 1 1161161616 1111-
1111 1611116111 111611611661161, 1161166161611161 1 Ζ1116161161. 1161116161 1. 1674
1161611 2611616111, 611 Ζ111161616, 6111111661116116 6111116111 1 1611166111 616-
1616111111611 11111161 111112616161161. 11611161 1161 11116166, 1161616161·
11616 6111166111 616 16111111161 1616111111 11611116116, 1161161 166 1116111611
od 1161 1616161, 11161616116111611161 611161111111161611.

⁸⁹) 111161116111161161 11 111661 1161666161161111166616111611161161
1161 6111111. Na 1116116 11161 11161611, 1111111 1616 6116111, 166111 1116161·
1111 1 1616111161 1616111611 1616161161 1 rs 1662. 11111116111111116 1611·
16161111 11111 11 61161116 1. 1663. 1161616 11161666 1111111 166111 11611161
1611611 do 111161116111161611116161-11111611111161 1116116611 (Album 81111
161. 11). W 616616 1111161 611111 1 6116161111 111 1111111611 1111111161 1611111·
16161161 1161111611 1 1111616 11166111. 11161611611161161116111 11 111616616-
11,616161161111111161611116111 1 pelen 111611611 16 1111611611. 2111661-
616 11 11616 111Ζ11161611, 161616166661161111611,111116161161611.616161111,
pelen 116, 616 11116 111111116116 1161166611111616 6161161111 11111611-
611111. 1161616116111161161 do 116111 1161 61616116 1111116161161 (16 61116-
111 1616161161 116166616111611116, 1161611 11111111 111 1116611616161 1111-
(16116111611611111. Tem 16111161, 1111 11111111 11 111661 1161161161 111·
(11161611 6111611111 6161161111, 1 1161161 111111 16 6161 6116661 11616 16111116
(16111 6116161111 1 161116 111 61111111 61161611161111161116116161116116.
1611161161111111611111661111611611611161 1 1161116 1 161 61161111116111.
111616 16 1611616116,1 r. 1639 (111129 61611116, 1661116 1166161 1611 1616·
11611 111161 6161611611. 1611661 Ζ611616111, 611 16161161616 6116661111, 116 11611
1 1161611 6161611616 11161161 1161116116 11616 (16116166 1611611161 1166611 6161
61616. Names} 1111 16116111616111, 161111 1161161 111116161116111611

 

