113111. 5

111361 [101 1133131361 3311106013ῃί3 [10113311 61313111316106 3631311111
1 131 [110131301611. 23163 3110130311 33101101313, 61311110 11361131-
601011116011363, 361 [11333 3163, 361 [11333 1166631330. Co 301·
333, 111313 3 1330 00 3101111, 00 103101331311, 3313111361 1163613610-
nem 3011310. Ρ1313310 10 1330, 13 1330 116116 1101311013 33610-
6111361, 61313113111 1011110013 1101101131111301113111 111316106116
[110133301061 1111306161, 3 [1131113 01 01113013 111133 313 0111611011,
3 [10110111 61316011313113 311330, 3131 113 61331016161 10 [11303613
[1100331111 01 summ kapitalnych. Dochody 3131631, 13111131 wio-
ski 13636631316113103131313, 110 1103131, 0601 63 613 63601313
1 6316136 30161163 303131111, 6131161366111060, 11366136 3613303311
1101366106, 11111 [1131113 1311131111. 1111 06010 1. 1660 Α631361113
36313313 313 w tem [1010νί3610, ie nietylko opieki 631 30113 613
611313, 313 11113 bez 11016611 10 13133330 61131613613. 81016313
11130 ja 13133 13 36161113 60613036011, 616131 013311 1133131613
3361311 63660113 w Polsce od [10033166 1103131 [1010111 wie-
ku XVII. Te 11160 3 6106 01131 13161311110311, 61613 313 101113
[1013103111 3 161111601131111 601013163611; bo 1161 11160 Κο10161
61631 61313111 1601303631 011361, bo 1161 03111 313 11 0601113366
131131 13611 3331136 613131113161, 3 1113101361011 [1010333 0361-
631 [10110131 1333136 6113613 31101330. 11031113 1 310361613136061303-
6011 0113 Α6313111113 3311101363. Gdy 331 1 3103611 [101131331ιί3 313
1101311011 336106111361330 613 1060131616 11031330 11013, 31133-
[10101660111330 3331313113 jeieli 613 3613313613111, 10 0131613111 [11331-
§ciem ordynacyi‚ owej od r. 1617 opiekunki i pani 103611 363·
demii; 1303131613, 3366313013166611 113 3131113, 636313, 13 131163
1360111113 111111 131 113 [1131331016 1131313 113 6131 kapitula 60113311311
33610136131, ie w niej 61311160 36311313 0113611663, 13031103131-
031013163 01113113 113 313133106 1 1131610610611013330161 w jej
ρ1313161306,6360611306, 1131031161306,61363110631113011,1136361306,
kapellanijach‚ altaryjach. 21113336 [113310 136101 [10033160 303131
33131313361311360113311313, [101136011113 13133 61006131 Α631361113
330131611. Ι 1111110331 101360 11113301110613136, [10131313 61111
111161 3631311116111133101311136313311360111111136631, 61613111 331113-

13130 w sobie 3161163 [1116613 1310360101 1 1103666111 3631111113,
1110313 3111111 za [1011303616 1610161301161, [1131 11131311 313 mo-
33010631131130111111013011, 3 10 33161160 113 611311113613 33011
1613131 01111 1631116013611, jak 1 0610611131 1131616106. Na pole·
03613 11130 3131331361 3631361106131, w 631333 10 1330 [11313010-

11363 11113360 3 60111 61331011061011011311131011 [11311111313 sun·
dacyjne iustawy obu instytucyi, 66113131133613, [1311111313 6111-

 

