210 1511115111.

colagis 5115515. 151 5 1515 555155515, 5511551115515 stenelo, 5551555 55-
1555151555 fundasse, 1 555515 5155151555515 51155155. W 1. 1754 5151551111
515115 1511515 1 55551551115 15 51515511 lubelskiogo 1155155 551515555 5111-
555115 515555, 551 55151515 51555115515 1551111 ,51 15155115 censibus Univer-
sitatis certam 51 5555155155 5515115555 1115551111 1551115515.“ 1155551515111515
515155151155515, 1 55555 5155115, 1515 tem 55151511 5551511555 15511511 11515-
151555 1 51511515, 155511555 551515555 51115551155151515 51155155. 11111111
15155115515 15515 5551111 515 1551155 5 551515555 1515 15 5515 1. 1751115151·
1551 155115151 51515511 5115555 1515115 151515 15555, 51 151. 1760 51551515.
1115511515 55 55515155515 5555 5 1. 25 5511551515 1. 1761 5555515155 5 tem
aeranem nadmienia, 15 summa 51155155 5111511155 15 caes 155 511115555 15·
511515151515511 51555115 115. 61367 111. 18,1 15 55555 55515 51155155 1551-
1515 511515 5151515151551 1555515555 ,515 1551155 Ecclesiae, seminarii, 655-
5551115, Resideutiae cieri minorle.“ Co 1155115 1 5155515, 55515 55155565 5151551111,
5155515, 151515 5151515, 51 1555515511 Τ15155 515 1551511155 1 5115151551511155
115155115 155551511515. Ν1515551515 5151551111, 151 1555511 15555551165,
115151511551515 55515155 511. 1757, 15115115515 eclogia, 11515 151 51515
lacunis 1 5151115151 51 5515515 511155511 51551 mlodego 111555555Ζ5551511555
1551511 ja 155551515511. 1760, 51155515 55555 5151511551 1551111 155555
akndomioklego 1515151551155155551, 5155 5115555 555151 5151151115 15155111
15555115 1 151555165. 55155111 15 55, 51515555-1111515151151115515111,
11151 515551555151551115155115115, 1151155 515155115 5151515 1515115515 do·
55515515555551155, 51151 Breve apostolskie 51515511 51151555155155, 551551
5551555 15515111555 515 151115 1115155115 55551 5551515 1 1111511155 51155155,
5 15555165 55555511515155, 55 5511511155 5555 51115. 51515155551551-
15155151 1 akademlokie 55151515, 15 5115515 1 1555511 5111 555151555, 15
1551115 5151551515 5115 5155515555, 15 51551 151 1115555515,15155555551151
1. 1754, 1555 5 51515511, 111511 55155515515 515 151 51555 5515111515515, pauo·
551; 5555 55111551151515-15 1555111 5115555511 5 1. 1754, 5555511155 51.
1746 5555155511, 5555115555 1551515 115151515, 51511151515, 51551555111.
Lacu 5551 tego wspomniena 51151 51115 551515151 5 155 15 515155115 555515
11115 5 115551555 51551515155, 15 1555511 151 5 55155155 1 5555151155 5511-
551555 1115 5111 515151555155551 151551115 51515511515515 151515, 5511155115
aab 551515 55551515,15551115515515511, 5551515 515 1551151515. Wresscie 111-
1551555 1551 1 5111155155155, 11 551551 55555155, 5155551 5151551515, 551-
11655151555 51555 15555155 55151511. 1515 r. 1763 55 55515115515 555155
d 14 graduis 15115 5555515 wedale: ,11 1-5 [1511515155 55551151515515511155
51515 555, 55 tenuitate 5515115155 51555555 Ι). D. professorum, 555555 videndo.
quod 55115 5555 511 5115515 5555515511 indigentiae 5555, propterquam, neo pro·
sessores 51 651551155 155111151 adinvenire et 5555511515, Β15115155555 55155555-
sariam 1515515, 55111515 Coilogii 15551515, aliisque necessitatibus communitatis
555155115 551551, lectis 51 1511555 colloquiis et deliberationibus statuit, 5151
beneflciis 5515115 videlicet: 5515115551, Poiooensi et 5155555111 S. 6515511555 15
55551515 Ζ555555551 555555, C. C. b. D. professorum incorporari et 55111, su·
5511515555515115Τ5155155551,1515511515551 5165151555 pensiones perpetuo 515
sugendis 55151115 55155155 professorum Facultatum imponi, slmiles 51155555·
515555 55515 555515115 willoiasansi 51 Batoriensi 515 Fabrioae ei Bibliothecae
conservatione constitui 1515551, 155155155 5555 51 Ill-mum Loci Patrouum,
deiude 51 Ili-mos Locorum ordinarios, 5151 15555 S. Sedem 155515555551

 

