335

01505505 8005115101 1115105115115110150 51505511, 511. 232. Kolonia
5150551515 w 01055, 511. 114, 115, 121, 122, 123, 124, 148, 156,
151158, 172,176,177, 118179, 180, 226, 232, 235, 238, 243,
244, 245, 248, 249, 264, Drukarnia 5150551515. 80115515150155
Klemensa 11111 Pap.. 511. 29. 1150111510501015151520050515 111,
511. 29. 2510551115 0151151111,151 stan w 1055051155555511, 01011501,
0151511, 0051100 5 11151 01550 1555515 51505511, 511. 217, 218, 219,
229, 246, 265. 8101101515 5150551515. 15115500501155 001515-
15, 11500 5555510 505155 0151 00015501015515 016110151515, 15-
1510315150,1515515 151515015 do notowania ksng 100050555-
110511 5 0101101511, 511. 74, 99, 103, 109, 197, 210, 232, 233, 234,
235. 1115111105 51505515115, 511. 35, 81, 82, 210, 229, 230,
231, 232. Ρ1555551151555155151555 51505511, 511. 96. 1151510.
Ustawy pierwotne, 515115,Κί10515 Legu1n“ - lub „privilegium
vetus,“ — nadane 01555 55105051515 1 porozumieniu 51)·05 511515-
5115 1 0151155051 01015501551 51505511, 511. 14, 15. 16,100.
0100115505 0155015555 015 51505511 1 0150111510 10105501005 10-
05110111 015551500555105051515 51505511, 511. 77, 78, 79, 80, 81.
1151510 015510δί055 01555 Ν15115511500 5 001115105055 01555 Μ51·
5111525500511500 pierwszego 5 0100151 1111101005515 511. 141, 151.
Dekret reformacyjny Jerzego Laskarysa 1)·055511000111511511500,
511. 11, 195, 196, 197, 198, 199. Ustawy Burzy Starnigiela 511. 10,
150. Ustawy 55011 10500505 015 851011151ου5 1151515000 5 05110-
05511. 118. 1151510015 85511151ου5 Stefana 2550051105511.
111, 119, 155. Ustawy 501015115555055008551551005οο15101·
515 51505511, 511. 222, 223. Ustawy akademii 5550151151 0150
01151510 nowego Konwiktu 000555, 511. 57. Ustawy 015 800511·
501 Μ510511511511 1151505511, 511. 232. Ρ1550150 1 51515011005-
115 015101051101051151, 0155 051510 01515155 1010511 0055151 wy-
dane 01555 51505515 55501515,511.114,115, 122. Κ515010. 11055
151501 1 51505511 5550151151, 150100 10505501 0055051050511
1 10550511 55555511, 5 55555155 10155015505 151115 1515010 15101510
01550 15101551 1. 1746 1 51505511, 5 15115 00 151 15101515, 511.
287, 288. Ρ101555010115, 11555501151511051 01015550τὸ1 w 5111111

5515151 55105051515 51505511, 511. 87. 1555501155 1105101015550·
101 0155055015 1510155 51505511 w 1. 1746, 511. 196. Professo-
rowie od 55555 1510151011. 1746 do 1555510 5555151 1 1. 1784,
na 1550511151 1515015511 1005151111 1501001555500, 01515500,
5500551500, filozoficznego 0155 55101 1115550511, 0155051511εηί 1555-
5515511 511. 292, 293, 294, 295, 296, 297, 298, 299, 300, 301,
302, 303, 304, 305, 306, 307, 308, 309. Ρ101555010115, 5505101051

 

