208 1111111111.

11111111111111 11111111,111111111111,’ 111 1111111111111· 1111111111 1111111-
11111111 1111111111111, 1111111111 11111111111111111111111111111111111111111111,
111 1111111111111111111 w 11111111. 11111111, 11111111, 11 1111111111111111-
111-111111111111 1111111111 1 1111111111 stateem, 1111 11111 11111113 11Ζ11111111,
1111111111 11 1111111111 11111111 11 11111111111111111111111111111111111
r. 1792. 111111111111111111111111811111 111111, 11111111 111111111111111111113
111· 11111111, 111111 11. 1111111111 11111111111,·1’1111111111111111111111111
11111111 1111111 111111 11111 1111111111 Μ111111 1111111, 11111 111111111111111
1111111111111 1111111111 1111111111111 1 111111111111111111111111111 ’1111
8116111111. 11111 1111111111 1111111111 1111111111 11 1111111111 01111111·
11111111111111111111111 1111111, 1111111111, ,1111111111 11111111. 111111 1111111111
to 1111111111 1111 111111111111 1111111111, 1111111· 111111111111111111111 11111111·
11111111, 111 111111111 11111111. 1111 1111111 1111 1111, 1111111111 1111111, 111
11111111» 1111111111-11111111, 1111111111 11111111 1111111111 1111111 1111111111
111· 0111111111111 7111111111, 111 111 111111 111111111111111111. 0111111,
1111111111111111111111111 1 1111111111 111] 11111111, 11111 11111111111111
111111 1211111111 r. 1791, 111111 11111111111111111111 1111111111 1111111111
1111111111111111 1 1111111111111111. 111111111111111111,11111111111111111
111111111111111111,11111111 111 1111111111111 11 1111111111111111111 1111111,
11111111 1111111111 0111111111 11111111111111. 11111111 1111111111 1 1111111111.
1111 11111111 111111. 111111111111 1 potem 1111111111111111111111111111111
(1111111111, 11111111 1 Ζ11111111, 1111 11111111111111111111. [1111111111111111111
11111111111111111111, 1 1111111111 1111111111111111, 111 111111 11 1111111111 111 ’
1111111 1111111111. 1111111111, · 111111 1111 11111 111111 1 11111111,111111-
1111111111111 11111111 111111 11111111 1111111111, 11111111 111111111111111111111
111111111-111111 11111111111111111 111111111111 11111 111111111111 11111111,
11111111111111111 (1111101. 111. ΙΙΙ; 111. 11111. Ζ.; Ar. Kons. 1.). ³ ⁴

⁴ ’111 1111. 11111111. (11111111111111 1110111. 11111 Actu C. Z. vol.
11³1 111; ’1111111111 1111111111 1111 111 190111. [11111111 1111111111 11111-
1111111111 1111111111 1111111111, 1111111 11111111111111 11111 111 1111111111.
1111111111111111· 111111 11111111· »111111111111111 1111111 111111· administram
11111111111111111111111111111 1111111 111111111111111111111, 11111111111111111
1111111111] 1111111111111111111111111111111-1111 11 1111111111111111 111· 11111-
11111, 1111111111111111111111, 111111111111111111111 w r. 1746. 1111111111 ja„ 1 11111,-
11111111111111111111, 11 1111111 1111111 1111111 1111111 1111111111 11111
11111111, 111 1111111 1111111 1111111 111 1111111111 1ο 1111111 1111111111. 1111-
1111111111111111111 1111111111, 11111111 1111111111 1111111111 1111111111
1111111111] ” 11111111111111111 reforma¹ 1111111111, 111 1111111111 1111111111 11111·
11111111, 11111111111 1111111111 111111 1111111 spraw: 11111111111111111111111
111111111111111 Ι 111111111111 11111 1111111111111111111111111111,11111111111
1111111111 11111111, 11111 11111111 1111111111, 1111111111] 111111111111111
’11111111 1111111. 111 111111 w 1111111111 11111111111111, 1111111111111 111
11111111111111111 1111111111, 111111 11111111 11111111111 8111111 111111111111·
1111111111111111111111111111 11111111111111 111111111 111 1111111111 (11111 111.
ι11111111111111 141). 1111 1111111111 11111111 111 11 1111111111111111111111-
111111, 'Pomm-Antoni 11111111 Ζ11111111, 1 111111 1111111111111, 111111 11111
’1111111111 1111 1111111 Breve 1111111111 XIV 11111111, 11111111111 11111111
1111111111 11111111111111111 11 1111111111 1111111111 w 1111111111, 11111 111,
’1111111111 11 11111111 11111111 11111111111111,· 1111 1111111111 1111 111111

 

