176 1111111111.

¹¹¹) 1111. Coos. R„ 61111. Potrop. 1889-1890 „Do Εο1111111111.011111.“
symon„ 111. 69 1 88; 8111111111 1111111111. 1. vm. 111. 220; 1111. Leges. 11 Z¹¹
111. 86. -Ι, 1111111111 811111, 1 11111111 111111 11111111 11 1111111 1111111111 1111-
1111,11111111 1111111111 11111111 11111111111 o Lookim 1111111111 11 1111111111
to, 1111111111111111, oo 11111 111111 111111111111111 101111, 111111111111111
111111111111111111111. Na 111 1111 11111111 1111111111111111111111111111-
111111 ῃ111111111111111111,11111111111 1 11111 1111111 11111111111111111111. 11111·
11111111 11111 111 1111111111 2111111 11111111 11111111 11 11111111 1111111111.
111111111111 111 do 01111, 111111 1 1111111111111 111111111111 1111111111, ko·
1111111111 1 promotorem 11111111 1111111111). 1111111111 11111111 1 1111111
11111111111,111 111111111111111111111 111111111111111111111 11111 11111111·
111 11111111 111111 1 11111, postam} 111 1111111111 1111111111111111111 11111-
11111111111111111 1111111 11111111 11111111 1111111111. Β11 111 1111111111 oo
olorwszogo 1111111111 1111111111 1 1111111111 111 11111111 11111111111111111111
przod 111111111111111 111111111111 1 111111 11111111 111111 1111111111 11111111, 11111
111111 1111111111111-1111111111. 111 1111111111 11111111111 1111111111 11111111-
1111 w 1111111111 1111111111, bo 11 11111 111 11111 11111111111111111 11111111
1 11 1111111111 11111111 111111 1111111 111 11· 1111111111οέ1 111111. Mo·
111 11111 1111111111, 11 11 1111111 11 11111111 1111111 111111 1111111111,
11111111111111111111 mogo 111 111111111111111 111 11111111111111111111111
11111 111111 11111111 omem„ 11111111111 oo 1111111111111111111 1111111.
W 11111111111111111111 1111111111 1111111111 11 11111111 1111111111 1111111111
1111111 1111111111111 1111111111 1111111 111 11 11111111111111 1 1111111111
11111111. Ρ11111, 11 1111111111 1111111111] 11 togo 1111111;11111111111111
111111111111111111111111111111, 1111111 o 1111111111 1111111111 11111 111·
111111. 111111111111111 1111111111 1111111111 1111111111 111111111111111111
11111111, 11 11111 1 11111 1111111111 1111111111 1111111 1 11111111111111111, 11
1111111111111111111 11111111 111 1111111111 1111111111 1111111111 albo 1111111-
11111111111111111111111111,11111 1 1111111111, 1111111111 111111 1 11111111 1111-
1111111 11111111 11111111, 11111111 1 1111111111 1111111111111111111111118111111
111111 111111111111 1111111111 11111111, 111 1111111 11111111111111. 11111-
111111111111111 11111111, 1 11111111 111 1111111111 1111 1111111111, 1111111111·
11111 1111 11111 11111111 1111111111 1 111111 11. 1111111 11111ε1-1111111111
1 1638; 2-11 8111111 8111111111 0. Ρ. Ι)-1 1639- 1651 127 1111111111 16171111
1111111111 1111111 111111 3-11 111 6111111111 6111111111 D·r 811.1612-1681
(111111 11111111 1-11 1111111111 8111111 1667-117611111111 16811 6-11 1111111
(1111111111 1111111111. K Μ, 11111111 11111 16771 1681 11 11111111 111 Wo-
111111111111111 1111111111 1682 † 1716 1111111 111111 7-111 811111111181111111
1716-1722 1111111111 8111 8111111111 1111111111 1723 1 1729 (111111 111111
9-118111111111111111 111111111111 1730 -1736, 1111111111 12 1111111111111
81111111118111111111 1736-1719; 11-11 1111111 Μ111111111 1749- 1771 11111·
1111111ς12-1181111111 111111111 22 11111111 1771 111111 11111111111111, 1111 po
1111111111 1111111111 1111111111 1311 1111111111 8111111111 S. Τ. 111211111-
111111111 1772 111111 11111111111111. 1111 11111111111 1111111111111 111111111-
111111 111111 1111111111 1111111111. Po jogo 11111111 1783 1111 16 11111111111111
111111111 11111111 111 111111 11111111 1111111 1111111111 11111111. 11111111 1111-
111111111111111111111111111. 0111111111111111 11111 11111111 1111111 albo 11-
111111. Τ111111 11111 1-1111 8111111111 111111 1111. 1 1111111 D·r (ootrz wyooj);
1-11 8111111111 11111111 1652111111 1. 1617 (111111111111111111111 811-
111111111 1657-1659 11111111111111111 (1111111111 1 1. 1677 111111 1111111111-

 

