114 1111111111.
Ι

11 1116111616 1116616. Ze 66116111 Ο. P. 161111 1 61161111 1. 1644, 66111116
11111111 1 6111111111111111111611111. XIII, 111. 1661 166).

⁴⁰) 1611161111111.1“11.,11611161 1111111111, 11 11661, Τ611111Ζ1161-
111116, 111611111111 11161111, 11111111 1 r. 1634 1111111111, 611 1111111111 1161-
111661161111611161. W 111111 1116 111611166111,111611616111 11111611
1116111111 6111611111.1’11.,11111 11111 1111 11111111 1111111111, 1116 „professor
substitutus“ (rkp. 11111. Α. 7.. 111. 86). W 111111111 16116111 1. 1634111111
1 Ρ16111 (116111. 66 61. L. 1 0. 1 Ρ11.,1. 1111160). 1111111111 6161111 11-11
Μ1611111, 1111166111 11111611 111 1111161161 1 11161111111161611116111
1111111111111 11. 1648 16161611 166111 1111 ,61116111611661116111111161-
11111 1)-1, Ζ1161111111 6111111111 6161111111 Ι)-1 11116111161“ (1111611. L. 161.
1111111161. 6111161111 16161 111161 w 111611111111161161111111, 1111611.
6611161111 11111 1 Β161611111 211111611111, ,1116 161111111 1166111161111
1111111, 1111111 1 11611111 111611111111, 1111111111 W. Χ. L. 1 11611111 1. 1637
11111111111,61 111611611166 Academiae 7116111611 (16111116 01111111, 116111
16 1111111611 1111111 1611111111 1611111 61111111611111111, 11111122. (1161-
111116161611111111116661111 161611101111111 116 11111111111116 11161111
1116111111 111111 11111, 111111111611111111 (111. 11111. 11, 111. 861. Zo-
11111 11111111111111111 1111111111 161611161111111 11111611 11161111 11161-
11111, 1611161 111111111111611111111111111111111111111111611111111161111·
611. 1161611111 611111111611111116111111 1 1111116116 1116611161 w 1. 1631
61111611111611 111111 8111111111 1116111111 11611 11116 1116111111 611 161111111-
ty 61111111, 1111111111 16111111Ζ1111111, 111111 1111111111, 11111111 11111, 16-
1111 1111111111 1111116111-161111111111 16111 1611111111. 11161111 11116 11111-
611, 1.1. 6111 28 1111611611. r. 1631, 11611 Ζ1111111 116111161111111, 116111 1111
116111 1 161611 111 11111616, 11111111111611116111111111161111111111611·
11111 ,6111111116111116111 111) 111. S· 1111111111 11111111 1111111116 61111611,
11111611111116111 6111111111 1111 1611 1111111111 1111111 11111111 111611·
11111. 11161111111161111116116111111116 1116111111 1661111111 611116 81111111
1.1632116111111111111111111, 11111 sio 1111111111 1111111111 1111111616
1611111111 1 1111111111, 1116111 111 11161161111111116161 1111611 1161111111
111 1111111111 16 11 1111111 611111 16611111161111111116111161661161111·
11111111111611111111111111, 16 116111, 1111 66 11111 16111,111111111161·6
1611111111 11111111. Po 161611111111 111 1111111111 1 6111111111 11116111 11111
11161111 1611611111, 11611161111111111 11161 1611111111, 1166111116 11111
11111111116111 16 1611111111 Warszawie. Μ661, 111 1111111 1611111611
111 1 1611111111 1111 111111 1161116161111611161 61 1111161 1111161111-
11111 11111111111, 11611161161111 albo 11161111, 116111611611111, 11611161 11116-
111 1 11111111 11611161 do 11111611611111611111. 11161 1111111 116111116-
111 1111116 11111 do 1111111161111111 116111611161111111161111611116111111
1111111116 11161111 111111611111111111. 5116111111, 11611 16111111 111 11-
111111, 116111 1116161, 1611111111 116111 111111161111111111111161111
1116111 1111611111 1111611111 116 1611111111 11111 11111111 611111. 6611111111
111111 1111111166 11161111 1116111111, 1 1111 1111, 1111 1111111111 11611161·
111. No 1116111111 1 11161111-1161111111111111111111, 11161161 11161111
11161111111116 61611 1116161161, 1 fundator 1 11111111, 16 1111111 111 166-
611611 soma 11111111, 1161116 11111 1111111111. 111111 1111111161 111 111611-
11111111161611111.(1616111 1116111161 1611111111 6111111111 11111611 1166111611,
1111 16 11616611 111161111111161111111611161116 1161116111 1 1611111111

 

