170 1611116111.

16661661 6 6611166611 6116666111, 616 ou 6ο 1611666616 6166161611666 6616616161
,61666666 invitatus a lteotore 66 166116. 1161616611661661666. Kapituia
16161 661 66661661616 66661 6661616 661 116666 6166611111, 666 1666116616 66·
161616. 1661116166, 16 6666166161 1 16611616 sa ,Ρ16661666-611111661ο166“ 61666·
1611. Ο 61666 16 1616116661616, 6661616 161666 66166666 66666611611666, 666
61. 1661 1611611 1666 6666161 66 1616616 profusorem, 66616661661616 po·
616616616 1 6616 25 16161616 r. 1661 6 1666 61666611 „Ad 9-61 Magistratus
academicus, pro 161611 666666166166 61166 vocatiouem 61 professiones 66666161
V. Capitulum, quod se 666616 meminit Ius directionis 61 praesidentiae quo 66
Academiam& Iduie tu 6616661166166616116, 6161111 6161616 66616 purpureis
16611616 616166666616 1 661616666 6 6116661611. 06 66116161 1666 66166666 san·
66611611666, 61661616 16161161 66 smuinego 16161661616166616 661661616616·
611616 1611661616 61616 616, jesii 616 16161166616116, bo 16 1616 6166666616, 16
1166616616 6166611111 1 661616 1166111116 1616 6 16616116616 tego 66661666 616-
66. 11 11616 6166616116666166661116611161616 616 66 6616611166 jej 66166,
1661 16161616 ehuiejne 166666 6 16166616666161666616661616111661616
616 uiej wygoonrojszon, 166161616 616 66 661611166616166616 6166611111 6666161-
, 166. 1116166 16166611 6116161166 1611666616 i akademijp 6 r, 1663, 16616616
1616616 innomi i 666116 66116111 reiormuoyjnego, 66166166 1611616, 6661661616,
16611616, 666 1616616 1616 6666616116 6616666111 1 166 6 16116 166166661666.
6161116166616 1666616. 016 jair sip irapiiuia 1 666166661661616 66 616116 de·
11616 6161661666 16161616 6616 21 1616111161. 1661 ,66 4-16 116-611166611-ο
Seiroiastioo et iii-o Rectori incumbit oum iilagistratu 1166616166, 61 personas ha·
61166 66 vacantes professiones provideant, quomadmodum Constitutione anterioris
Capituli eonsipuatum 6161. 116616 advertent super bono regimine 6666616166
6616 authoritate 1. 66611616. 666 6 161 1111661166161 potem akademija bardae
upadia i nie 611616 caeru 616616 11116 6161666166 1 6666611 6161666616 66661111
61661616 616661616166 66 161 16666 ,6166116 61611661666616166“, 16611616 66161
mniej nap'mowaia 616 6166661166] 166 661666 1161166616 161166 66 6166666616
tito jair 161616116 66 6666616616 1 66161161616161. 1139, 66166 661666 po·
uoiania proiesoniw 116161 16666 1616616 61161666 6666616166661616116161
611616 6 1116661611 6166666161 ,1. Capitulum ...... 11611 neeessariam vocatiouem
Professorum 66 minores 6666166 61 videbitur Universitati“. To 16666 66 kapi-
tulo 11 unianimiter 616 6 1616 61166611οοὶ6 6616161 „Ad 10-m‚ Si 116661
66116166666666666666166666111616666166 ad docendas 861161666666661 16-
661 1661666166 16166166 pabuio doetrinae fraudetur“. 11616 16, praua 161 11116·
neseio praed 16161616 sarna 1 r. 111661166166661666 61161 1116161666 6161666
166666111611611666, 166116 1616111116, jairiej kapituia 6166616, 666 61661116
6 6666616616 16166161611661166661161666 61611 1166661 61161666. 611166 jairi
wieje 1 1666 6616166, 6661616661 66 661666161616 1666166, 66 6111666616
ezidi, 11616 6 616616 666616 6166611111 611616 16116 6616166 1 6166616116 61666-
11116, 1161116616 11 616116111οὲ6, 16 616161 6166661116 1 66 61616161 616661 61166-
1661616611616 1161611 616 166116 jairo proiesoronie 161661, 11616 616 161616 16·
66666 616616616 1 616166 6666616, 6116 6111661666 1666661666 6166661611611
1 1161661 6616 6666661116 66 ,61116616166116“ -161611 616, 616 1111 616 6611 po·
16661661, 66616 11616616 1111616 1616 666661666. Woieii 11166 666 1611616616
6166616666 6616 61161 6161616111 6116666166, 6161666611 stupui 661616116 111616-
111666616161616116661161611161616166 61611666 1116161 a pos'rdd 611616166166
selemiau, 6611611 666 6616666166616611 16 6166616161 6661666161 1 6161666,

 

