¹ 276 11111111.

1111111 11111111 111111. 111111111111111 11 tego. Β111111 111111 1111111111
8111111111 1111111111111, 111111 1111111111111111 11 1111111111 1111111111111·
111111 1 111111111111111111, 111111 1111111111 1111111111111111111111111111,
1111 1111111111 11111111111111111. 0111111111 11111, 1111111111111111
111111111Ζ11111 11111111 1111111111 1111111111, 111111111111111111121-
111111 do 81111111111111, do ostatniej 1111111οέ11 11111111 1111111111 1 11111-
111111. 111 11111111 111 111111 111 11111111 111 111 11111111, 111 1111111
11111111 11111111 1111111111, 111111 1111 1111111111111111111111111111111.
1111. Ζ.1. 1111111 do tego, 11 w r. 1838 11111111 11111111 1111111111 111 1111111
11111111 11111111-11111111 ks. Antoniego 11111111111,111111111111111111111-
1111111111 111111 11111111 (111111 nim 111 1823-1821 111Μ1111111111111111111,
111111111111 1111111111, 1111111111 11111111111111111111111111111) 1 1111111
1111111111 (11111111111111 1 6111111111. 11111111 111 111 11111111 1111111111
kapitula, 1111111 1111111111, 111111 1111, 1111111111 11111111111113 11111
11111111, 111111111111 1 1111111111, 1111 11111111 11111111. Ρ111111111111.1111111
Ρ11111111111 111111 1 11111111 1111111,1111111111111111111111111111 11111111
11111111, 1111 1111111111 111 11111111. Τ1111 stan 1111111111111111111111
1111111111 1111111111 11 1111111 r. 116111 11111 1111111111111111111111111
11 111111 111111. 1111111111 111 1111111111, 11111111 1111111111 nadal 1111111111
1111111 1 1111111111 1111111111 1 1111111111 111111-(11111111,1111111111111-
111111 1111111 1111111111 1111111 100 11111 111111 111111 1111111111, 111111
11111111 1 1111111· 11111111, 1111111 1111111111] 1111111111] 11111. 1111111
111111111161 111111111 1111111111 1111111111. Po 11111111111111111111111111
111111111111111111· 11111111 (11111111111111 1111111111, 11111 1111111Ιὶ1111111
od r. 1819-1811 111 1111111111 1111111111 11111 1111111111111111111111 nu·
1111111, 1111111111 1111111111 111111, 1111111111 Κ11111111,11111. 11911111
111111. Tomasz Petrykowskl 1 11111111 11111111 1 111111111111111111111111
1111111 1111 11111111 11111111 (1111111. 1111111 1 11111111 1111111111111).
1111111111 11111 111111 1111111111111111111, 111111111111111111111111111·
111111 1111111111 111 1111111111, 111 1 111 (1111111 11111111111111111111111111111
111111 1111111111 1111111111, 111111 1111 111111 11111111 11111111, 111 11111111
111111111111111 11111111 1111111 1111111111.

Nlo clamem, 111 (1111111111 111 1 1111111111 11111111111111111111111,
11111 11111111111111 111 1111111 1111111111111111111111 1111111111] 1111
11111111 1111111111 111 11111111111111111111111 Ρ11111111ο111111111111ο1
Ζ111111111111111 1111111111 11111111 111111 11111 11111111 1171111111
1111111111111111111111111111 11111111 1 111 111111111111. 111111 1111111111
1111111, jak} 11111111 11111 jadon 111111111111111111111111111111111111 11111
1 1111111, 11111111 11111111ῑυί1] 11111111111111111111111111111· 11111οὲ1 111·
1111111111 11111 1111111111111. 1111111111 1111111 1111, 1 11111111 111111
1111111 11111111 1111111111 1111111111 11111 u 1111111111, 11111111111111
1 1111111 11111111 1111111. 1111 nie 11111111111111111 szarogrodzkiej 1 11-
11111111, 1111111111 1111111111 11111 1111111, 1111111111111111 11111111
11111111 111111111111111111 1111111 1111111111, 1111111111 111111 1111111111

11111111 (1111111111 11111111, 111111 111111111111111 1 1111111111 1111111111
1111111111 111111111111111, 1111111, 1 111111111111111,11111111111111111
11111111111 1 11111111] 1111111111 1111111111, 11111111. 111111-1111111111·
11111 1111 1111111111 1111111 1111111111 1 1111111111 111 8111111Ζ1111111
11111111 111111 1 11111 11111 1111111111111 11111111 1111, 11111111 1111111

 

