1101111011. 177

1101. 5. 1101111011 810011 1687 † 1692. 6. 11011110110000111603-1712110-
110001οΙ (10111 01101). 7. 8011001100 1110111011, 1111101011, 00101110010100101011
1712-1123 100101 0010100111101. 8. 1011101· Pogonowski 01101 11110100101
1 110100110111011, 11010001 10011111010011 01101101, 1728-1733110111001101
1100101 1100010101 1 00101101. 9. 1100010101 Μο1111101101 Dr. 1101. 111-
1101011, 100111 1000011101 1101000101 11. 1733, 1010 27 0101100 1736 11011-
100111 1100101011 11010010101 11110101. 10. Antoni 810110101011, 1110100010
1111101111 101100 100101 1000011101 1101000101 1736-1718. 11. 101101
· 11011111011 01101 11110100101111.111. 1110101011 1710-1719, 100111 0011010-
0111101 12. ,16001 81101011 Dr. fiL 1719-1752 116011 00 20100011 1011100-
010101 111001οο1 (01000001) 011011111101. 1 11. Dr„ 100101 1000011101 1101000101
23 1111010ίο 1701 1 1. 170810010111 00 1101010 1001010, 0 1 1. 1772 00 010111110-
100011010111001001101101. 11. 11011 (1011010111 111. 11. 1758 01111111001771.
10100 110101 1100101011 1771, 01111101011 11. 1786 1101100110 1 11010011-
01011010000110 1101001010 0100011. 110101 10101001· 1110011001011101000101
11010011 01101101· 110000 0001Ιο00 10 110010, 11161010 10111010 0101011001011-
011101 1100001101 1101000161 00100101101010. Μο100 100101 0101161101 1111-
111101011111100010 01100101001011001000. 1101010101. 1610011001 10-
010110101010010 1010011 01101101, 11011 0000110111101 0118001111,11000011101
1101000101811010101110110011101000101ἰο 111101101011 Β110101011101. 11., 110-
100011001111101010Β10100001.111., 11010001010100111010010011101111, 1101110-
101111. 11100111010071000001001110 0100101110 0001001 1010011 011011,
1 01011010 10101 1010 0001101 8100110111 100001111010001. (11101011 11110·
101011 100111, 100 0010101 analogii 1 101001 1100101011 0101101111 11010οο10110
0101011 0100010 010 0110110111. Na 10000110 1110010 Ζο1010110101101011110
1111101110 1010101011010010100, 010 10111010 011010, 010010 0010101010 01101-
0101010 111110 100101001111110111001011, 110010 11010οο1011. 101011 010·
00111 01010 011 01010 1001110010 1111011100, 011110 100101011000011101 1110011
2101011010 11010001 1010011 01101101. 101111. 1663 111101· 1000011 1001001-
onem profusor 100 0011101 11. 1671 111111101001 1001100010101Η111001
110101 1100011010 1 10110100101001 00 11 10000011 1. 1754 1111100011 111-
010101111010001100111, 1 1. 1758 110001 1810010101) 1001101011 11010001, w 1.
1773 Μο0101 1011101011 11010001 10011101111000011011 1110010 Ζ1101011010.
111101 1100 10000110 1 1010100010 01101101, 1011 11000 „fundationis Ζ101100011010“,

· 1101010 1101000161, 101100101011 00 1101101010 101· 100001101011010100110-

0010111010 1101010111 11101001 1 11010οο10 100111, 1 1. 1686. Nn 10000110
1000110001110 1 1. 1726 100101 100110101οη1 100 110011 1101100101οΗ Dr.
11101. 11010001 100111 (1000 0000. R. 6011. 101101. 1889-1890, 1890-1891,
1891-1802 ,110800101001001100001000, symon 001010101 0110010001). 010
1111011100 1 0011101 1101000161 1010011 01101101, 11001 0101101101 1010-
101001011 101 1 ,00100100100010“ 100 10100101 010 01100010 1 01010111001010110
10000101 1010101 1101000111101010111 1010101101-00 01100 11101101 1100-
11101111. 1687 11011010011 1010011 01101101· do 01010111 1010101101· 101101-
01011010100 10100101, 111010 11111 10101010 010000101 1101010101 11011 016011
10110001 0001011011, 0101101110 10101010 1010 11101100110110 101001101101101Ι
1001000011 1001111111010 0001010100101 jej 1101000101, 11010010101101 01

110111000101001011110110 10000110, 0101 0101100101 10111101101010011.
111111 010ᾶο110110 1 1011101110 1010101ίο 11010 01010101016101 100110. Pom]-
111000101011011010001000 010 do 1010111010 110100010111101001010111 110010

0 11010001οο1 01000111 1110101101. 12

 

