316

Κ61661611166Ρ61161, 611. 63, 65, 234, 241, 242, 243, 290, 294, 300,
301, 304, 306.

Κ61666 Ludwik, 611. 46, 121. ’

Karwosiecki Tomasz‚ 611. 57, 196, 216, 217, 227, 2401289, 295,
296, 299, 302. ’ ’

Kiwicki Tomasz, str. 67, 249, 250, 291, 298.

Κ1ορο611Α11111661,611.39,87,109, 110, 111, 112, 119, 126131,
134, 155, 175, 197, 259, 261, 262, 266, 282, 287, 310.

Kobylatiski Wojciech, 611. 67, 250, 251, 291, 301, 306, 308. ’

1551555111115151151-151, str. 11, 55, 56, 51, 61, 16, 96, 116166,
212, 213, 214, 215, 226, 232, 237, 242, 243, 268, 269, 270,
272. 274, 275. 286, 289, 290, 295, 296, 299, 302, 312.

Κο161ο11611 Hieronim, 611. 39, 114, 115, 282. .

Komborski 161611, 611. 47, 168. . ·

Kostkiewicz Andrzej (161166 0651161, 1116116111 11161161), 611. 63, 217,
241, 275, 290, 291, 297, 300, 301, 304. ,

1(1ο11611Α1111611,611. 10, 44, 99, 106116, 130, 139, 140, 141, 144,
150, 151, 158, 159, 166, 171, 178, 259, 260, 264, 283, 284. 311.

Krobski 1166616661611. 47, 151. 171, 172.

Κ111661116111611, 611. 187, 227, 240, 296, 300, 304.

Krzeczkiewicz Pawel, str. 44, 141, 154, 172, 284,,

Kupifiski Wojeiech, 611. 41, 124.

Kuczewski Aleksander, 611. 42, 125.

Kurowski Andrzej‚ 611. 43, 148. . «

· Kuuk Pawe1‚ 611. 47, 155, 169, 170, 171..

Kwolek Sebastyan, 611. 3, 40, 120, 121.

L.

Lang 16161), 611. 41, 121, 177.

Langiewicz 16661, ’611. 54, 205, 206. -
Laskowski Antoni, 611. 64, 245, 300, 304, 306.
Legrencius 1411101, 611. 47, 172, 239.
Leonicenus 1611, 611. 42, 124, 125.

16666615611 8656611611, 611. 45, 119, 136, 153, 155, 284, 311.
16666616611Ρίο11, 611. 45, 119, 159.
166666161116661, 611. 60, 61, 236, 237, 304.
Lewnicki ὃ161116161ν,611. 41, 124, 176.

[61611611 Κ6611111616, 611, 45, 139, 140, 158, 159.
Liberadzki KlemenS, str. 71, 267, 309.

Lubecki Adam, 611. 54, 204.

 

