1111111111. 113

¹¹⁸) 111111 111111 1111111111 101111 11 1111011111 1 1111111111
w ,11111111110111κ 1011111110 od 111111111110, 11 1111010111 011111111110-
111 1111111101111, 11 do 1011111101111 1111111 0 111111 11111101101111111-
11111 10 10111 1011111110 11 1111111, 111 11111 11111111. 1111111111, 111111
111 11111111111,111 1 r. 1711 10101111 111111 do 11111111 1111111111 11110111.
W 1. 1712 11111111 1111111111 11101111 1011111111 111 1 1. 1714 11110101 1110-
1011, 1111111111 na 1111111 101111. 1111111 1011 1714111117 1111 111111 do
11111011 1 0111111111101111 ,11111110111111111111011“. 101111101110111 Go-
11111 11111111 prelature 1111011111 w r. 1719 (Acta C. Z. vol. 113 Ar. Kons. L.
101. 121). 61111011111 1111111111 1111110111, 11111111 1 1111111 11111111,
1 11 1010111 111111 1111 11010111. 1101110111 11111 1111111111 w r. 1710,
11172911010111 1111111111111. 81111111111 111111 11111011 1 11111. 1136,
11111111 111 1 1. 1736- 1737 1111111011, 1111 1111110111 11111011 1111
18111111111737 1. 1110111111 1111111101 1111111 11101111, 1110111 1111111111
11111111, S. T. D·r 1 11011111, 1111101, 11011111 1110111111 1111111111111111
1111011111 111011111111 1011111 1111111111 1111101111. Β11 11111 1011111111
1111111111,1111110111111 00111110 1111111111, 111 11111, 1111 1111111111
11111112. vol. 113 111. 11111111. 111111). 1111111 11111110 1111111 111111 pane-
1111111111 (1111111111. Β1111111. 1. IX, 111. 51).

¹¹⁸) 11111111111111111101111,10111111 1 11111111 r. 1712, po 11111
1111110111 01111 1111111 101111. W 1111 1. 1714 10111111 11 11111111 11111111,
18 111 11111111 1. 1711 na 101111111110111 (111101. 101Π). 11101 10111
1711 1111 4 1111111 1111101111 101111 na 11111111 „fundi 0111111111. ⁴
1101111101. 121). 1111101111 1111111111 111111 1111111111 11111011, 111111-
11, 1111011, 1 11111111 1111111111 1 11111111 1111 1111 011111 111110 111 111-
1111 do 11111111111111111111111 011 1111111011. 01111111 1101111 1)·11 110-
10111 1 01111111 1110111111, 1 111111 111111 1111111011 11111 11110111. 111111
w r. 1733 1111111 6001) 11111111111111 10111 1110111 1 1111111111 (do 111-
111 11111111 111 11111110), 0111111 1111 „Notarius apostolicus, 1101111011111111-
lonlcl“. W 1111111111 111111 1111111111 111 1011111 1110111111111 11111
11111101 11111 1101111110. 111111111111 111 10 11111 11111011111111111101·
1111111111, 1111 11111111 111111. W 1011111111 111111 0111111111 1111011111.
1111 to 11111111 0110111 1 1110111 1111111 111, 11 1 1111111111 11111111
01111161 11111111 1 11111111 0111111 111111111111111 1111, 1111111111 11 111
111110111101111011111 111101111111 1 1111111111 0111111111 1 1011011111111
1011111111 1011111111 11111111. 111 1111111111 11 11111111 01011110111111-
0111111111 110 1111111111 01111 jugo 1111110101. Ρ111111 0101111111 11111011
1 1011011, 1111 1101111011 10111111111111111111 11110111 111111 1111111111 spo·
1111111 1111011111 010 1011111111111111101111111111111111111 1 111111·
1111101111161,11101011 101 1 11111111 1111111, 11111 1111111 1111 111111-
1111111, brak 10111111 111 1110111111111,101111111011111111111110111111110
1 111 1111111 01111111111111111011111111 111111 11111111. Lubo 111 1111111
111110111111111111 1 1111111101 1111111111, 11111111 110111111111111101
· 1 1110111111 111111. (11111111101111,Ρ11111, 1 potem Ρ11111111 11111111-
11111111101111 1110111111 101101111111,1Ρ110111111 1111111111 1110110-
1011 11111 111111 111 1110111111, 1101101111 11111 11110110 11111111 10
11110 1111101, 1111111110 1 1111111111 1110111111 11111111, 111 101110 1111101,
1111111011 11 11111111 1111111111110, 1 11111111 0111111111 11 11111111
1111111111. 11111111. 113611111101011111 011111 1111111111 1111111111·

 

