1111111111. ’ 89

1111111 111 11111111, 1 1111111111111111111, 11111111111111111111111111111,111·
11111 Po 11111111 1111111111, 11111111111111111,11111 ,01111111 111111-
111 academiae 111 01111111”, 111 1111111111, 111111111,111111111111111111-
11111 11111111 1111111 1111 11111111. 01 1111111111, 111 11111111111111 111-
111 11111111 111111 111111 11111111101111111; 11 111111111111111 1111111111
11111111 1111111111 011111111 w Ζ1111111 111111111111 11 1111111111111-
1111111111 11111111 111111111 1111111 Β1111, 111 1111111 1111111111011111111-
nium 1111111111) 11111 11111111111 1111111111111111111 1111111111111111
111111111111111111 111111 111 111111111111111111111Β11111 1111111111 (mons
11111111),1111111111 111111 111111111111111111. 11111111 111111111111111111111111·
11 1111111111 11111 1111111111111111 Ζ1111111 1111111111 1111111111 1111111111.
01111111 1111111111 1111 1111111111 1111111. 01 w 11111111111111111 0111-
111111, w 11111 111111111111 11111111, 11111111111111111111111111 1111111-
1111111111 111111111111111111111, 111 1111 11111 1111111111 1 11111111, 1111111
111 1111111111111111111111111111, 11111111 11111111111111111111111, 111111 11
11111 11111111. 111111 1111111 111111 111111111111111111111, 1 111111 1111111111.
[11111111111111111111111111 11111111-11111111, 1111111111111 1111111, 111. Mi·
1111111 101111111111, 111111 1111111 11111111 11111111111111111111 11111111, 111
111111 1111111111 11111 1101111111, 1 111111 1111111111 1111111 1111111 w 11111-
1111111111, jak ο 111 11111111 111111, 1 1111111111 1111111111111111-
111111, 11 1111 11111111111111; 111111 1111111111 11111111 1111111111 1111111111
111111111111111111111 11111111111111111 1111111111 1 1111111111 1111 111-
11111111111,111 1111111111 w 1111 1111111111, 111111 11111111 1000 111). 11
11111111 1114-111 1111111111111111 w 1111111111 (Acta C. Z. Vol. 1 rkp. 11111
111 Ζ. 111. 77), 111111 1 111111111111 1111111111 11111 111111 11111 111111 po-
11111, 1111111111 111 11111111, 111111 (11111. 111. 11111. 111. 41-41, Ar. 11111.
L. 111. 110111131-141, vol. 1491111. 19-11,111.1101111.120-122, 111. kw. 2: 190.)

Wawrzynioc 8111111111, 11111 1 111111 11111111-11111111,111111111111111-
111111, 11111111 1111111 11111111, 111 111 11111 11111 1111111111 11 1111111
1111111111 1111111111 1111111111, we 1111111111111 1111111111111 1111111 1111111111
111111 8111111111, 8111111111, 81111111. 01 Ζ11111111111111111111111111111
w 111111 1193, 1111 11111111111111111111 10111111111811111111111. 0111
1111111111 11111111 1111111111 111 11 11111111 111111111111 (1111. 11111111
111. 111. Ζ. 111. 71). 111111 1111911111. 1601111 1111111 Ζ11111111111
11111111 1111111111 111 11 11111111, 1111111111 111111111111 11 1111111111 111111-
111111, 111111 1111111 11111111 (Ar. 11111. L. 111. 106 kar. 90). Ρ1111111111111
1111111111111111.1610,111111111 111111 1111111111 1111111111 w kapitulo 111111-
1111 11111111 (1111. Lib. docum. 111. 531. Po Μ11111111 Κ111111111, 1111111 1111
1111111111. 1620, 111111 1111111111-1111111111. 0111111111 1111111111 111111111,
111111 111 111111 11111111 1111111111111. Ζ 1111111111 1111111111111 11111111
w Zamos'ciu d. 20 111111. 1638, 11111111 11 1111 11111111111111111 1111111111-
ww, r. 1139, 11111111 111, 111111111111 1111111111111,11111111ἐ 1111111111
1Β11111. 11111111111 111, 111111 1111111111 111 11 11111111111111111-
111111, 1111111111 1111111111111111 111111111 11111Ζ11111111111 8111111111
S. T. D. 1111111111 11111111 1111111111, 1111111111 s'w. Florijna na 1111111111,
1111 11111 11111111 11111111111111111 1111111 111111111111011. 11111. L. 111.
111 11111411 111 011111111111 1111111 111111 11111111 11111111, 1 1111111111
1 111111111111, 111111 11111111 111 1111111 111. 1111111111 11111 11111111, 1111·
11111 1111111111 1111111111 1111111111, 1111111 11111111, 11111 1111111111,

 

