1111111111. 159

81111 11111 1111111111 1111111111111, 111 ,11 11111111Τ1ο111“ 11111 11111111-
1111, 1111 11 11111111 1111111111. 2111111111 11 11 ,1111111111111111 11111111
1111111111 11111111.

ὀ) 31111111111111111 1111111 1111111 11111111 1111111111 1111111111· ·
(1111111111, 11111111. 1. VIII 111. 3781. 111111 811111 21111111111111111111
procoma od 111. 10,000 1111111111 11 1111111111, 1111111111 1111111111
111111111111 111 [11111111. 11111111111Ρ1111 111 11111 111111111 1111111
1686-1192 1 w 1. 1693 11111111111111 111111 1111111 (Acta C. Z. vol. 1).

¹⁰⁰) 11111111111111111111111111 111111111111111 w 11111111 1111111111
(1111111111, 81111111. 111 XII 111. 147). Ζ111111111111 11111111 1111111
11111111.

111) 111111111111111111111111,111. 1681111 1111111111 11111111 1 1111-
11 1111111111111111111· (1111111111, 31111111. 1 1111111. 117). 8111111111-
111111111111 w 1111111111111,(111111.1111 111. 393). 1111111 1111111111-
11 11111 111111111111 11111717 (11111 111 XII 111. 1471. 1111111111-
dno 1111111 11111111 w 11111111, 111 11111111 1111111111 111 111111111111-
111· 11111 1111111111111 1 11111111111111111111 8111111111. Ζ 1111111111
1111111111111111 1111111111 111. 1689 111111111, 11 11111111111111 111111·
111111 1111111111 11111111 11111111111, 11111111 1111111111 111111111 (Ar.
11111. L. vol. 118111. 67-71). Μ111111111, 11111111 1111111111 1111111111
1111111111]Ι 11111111, 111111 11111111· w 1111111 11111111 1111111111 1111 Iu·
11111111.

¹⁰¹) 111 11111 11111111 11111111111 111111, 111 1 1111111111 1111111111
w 1111111 111111 11111 1111111111 1111111111 11111 1111111111. 811111 111111
1111111111 w r. 1653, a 11111 w 1111 1111111 11111, 11111111111111111111111111-
11111111 11111111111111111111 11111111 1111111111] (11111 111111· 11111111-
111119). 111111111 11111111 111 11111111 1111111111, 11111 111111 1111111·
11111 111 1111111 11111111, 11111 111111 11 1111Ι 11111 Μ111111111 w 11111111.
1111111 11111111111111111 1111 w 111111111111111111111 11111111, 1 11111
11111111111 11111, 1 11111 1111111111 11111111 111111, 1111111 1111111111 (111.
11111· 111111111111931. 811 11111111 11111111111111 1111111111 111 11
1111111111 1 11111111 811111111 w r. 16891 111111 11111111, 111 111 11111111
111111111111111811111111,1111111111111111111. 0111111111 111. 1690 111111-
1111111111 11111111 11111111111111111111111,11111111’1 w 11111111 na 1111-
1111 11111,111111111111,11111 1 1111111 (1111111111111111111 1 1111111111-
111111. W 11111111 1111,111111 111111 1111111111 11111111111111 1111111111
111111111, 11 1111111 Μ111111 2111111111, 1111 1111111111 111111 111, 111 11-
1111 1111111111 11111111 1111111111 1111111111 111111111111111111111 Wie-
111111-1111111, 1111111 11 11111111 11111 1111111 1111111111 1111111111 111111-
11111. C.Z. 1111). 0111111111 1111, 1111111111 1111 1111111111 1111111111
11111111111111111181111111. W 1111111111 1111 1111111 11111 11 11111111

0111111111 1 za 11111 1111111111 11 1111111 1111111111111111 11111111 1111,
11111111 1111111111 11111 1111111111 1111111111 1111111111 811111111 (11111
111111.

¹⁰⁸) 0111111111, 1. 1692 1111 1511111111, 11111 1111111111 111111 1 1111-
111111. 11111111 111111111111111111111111111111, 11111111, 11 11111111 111·
11111111111111,111111111 11111111 11111111111111 1111111111 1111111 111
111111 1111111 1111111111. 11111111 111 1111111111 1111111 (Ar. 11111. L.

 

