0000000000. 213

000000 0106000100 0110000000, 6101000100Ι 0010000, 0000000111 0010010010, 000 00001000
0001010601 100010. Ι 11060 0100000100 1001000000 0000011 010 101000 11110 00111
0100000 0 000010, 1 010 00010001100100000101010010001000 00100000011000,
0000οο000, 00100 010 00 0000010000 0001000, 01001000οΙ11 0100000 010 0010000
0010 00100000 0000000110. 1000000 0 0. 1768. jak 10 000000 100000 0 00010-
000010 0100001011000 06001000 0. 6 maja 1. 0., 0010000 0 ka. ks. 1000110101 010-

0100000010. 1010000000. 1. 11). Jak 0010010010 01010 1000100010 0100000100
0000000100, maana 010 0100010000 0 tago, 10 0111 0 0. 1761 0000100001010000 alp.
0061000 0000001000 100.Κοο00000101000 najgornwazego taj 000000 0000001000
1010. Notata). 101011 000000 101 para prowadzoaa 10101000100010, 10 060 0000010
1000100οὁ 00000 101 1010000010 10010 sam 10110οο00001 0001000100, 00 ,010-
110“ 010 601000000000 00 010000 0100000011 00000011000100 00100010 00 00000
010100000 w r. 1764 00010010 00000010 30000101. (10000101. Το10100 0010011100
1000010100100000100 010010 00 10, 0010000 1 00006010, na 000000, 00000111, 10000·
001ος 00 0101100160 0001060100, 00 0000000116. 60000 010 06001010 0010 00000011
tago 01000000, 0100001000 010, 10 jedna 000000 0 ka. 10. 1000110001 1000011001,
1000100010 0106000100 0000000100, 00000100 010. 30000. Α 0010 1ο 000000 00010-
0010010100000, 0010 0100000100 po 0010000010 0 r. 1746 001010, 010 0100000011 0010
11000, 11600 0600101 0100100010 za 0000 0000111. Nic 101 60100000, 00 010-
0000100 0010 w 1100101000 00010000010000, 00001000 06010000οο0 0100000160 0010-
01110160 1 00000060 0 0000000060 0000000000. 01000010 00001000 101010 aa·
100000 0000 010000011 1000111 0010000011, 00000000 10011010 010000000οοηο aa
000101000010 0100 0001000001100 1 100000010 amacha 01000010110000100010
Aa. conv. 1. 111. 10000010 00 tago, 00 0000100 000000000Ιο 000000 100001000οΙ
81000 110010οο, na kt6ra 1010 0100000100 100100010100010 1 11600101000001
0011 0000000 0100000100 001000, 010600100001000010 0 0100000 010 0100010000 010
megla. 2000000100 010 010100 1000100000100, 11600101000100010060101-
101001 0000110001 0000001000001 010000 0100000100 1001000100 00 1000010000ορ 8-οο
Jana Kantego, gdyby 000 0100000000 0010, 001 malo, 0 010001010010,00010
0010000 0106000100 00000000 010 0011. 111000 ka. 001001 201000100011, 0001000100
1 postulator 100001000οΙ 8. 1000 11001000, 01060000 001010000000 610100 000000
0 11000010, 0001001 60 01060000 000000011οο 000 010 0000100010 00 1000160 kano-
01001001, 0106000100 0000000000 na 000100000ἱο 29 1010101110. 1767000100001110
001-0011000010000000 0000 Romam Pari-111 0100100000 Antonio 201000100011
60000100110010 cantianae Ρο010101001 0000000100100, quod 0000001100 nostra pau·
patrima 1000010 000 01110 01010 0610010061 aliquid pro 00000010 1100011010,1 010.
600 000 0100000001 ozas 0000000 10000100000000000, 00 000100000010 00001013
10101010 0. 1768 00010000100010 00000001010060100010 100010οΜ. Β. 8010010000θο
,000000100600110“ 1110 000010 000001 1 10 60 010110, 00000000000010 0 00·
wudu 000000060 60000000001 00011000 0 0. 1775 000000000000 06 00000100 0010-
001011 001001000110, 010000 1000 001 100010 ,6000110 0001000100 00100010 0000001-
00110010 8. Ρο101000000 000101 8. 1000010 600111,α jak 0 1000 0001000100 0000600010
0100000010οο 0. 10 1101001000 10000 0010 (1000001.

, 001000 001101 01000000 100100011οο 1 0000001100 0 101010001100001 1000-
011001, 00001000101 00000 000000610οο 00100000100, 0000 0101010 001106οΙ0 00
110 00000110 000 0000010 alama 0 100 0000010 00011000 0010000001001000000100
11Ιο1 00101110. 1. 11 010. 70-80 1101001000οι 01011000. 1. lx 010. 292. 294 110. 00
010. 378, t. XII 01083184). Gay 0100000010 0000 00 0000001010 6010000001όο
1001000001όο οο 0010000 010000011 0000οο01100, 00000 100010 00 0000101000

 

