116 1111111111.

111 1111111111 10111111 1011 111. ,8101011111 111. 10111. 811111 111 811111. 2111-

0101111111.“ 1 ’1111111111 1. 1638 111111111111ῑΒ1111011, 1. VIII, 111. 222. Za
21111101111110101111111110111111111 1110111111 11111 1111111 1111, po 111110-
111111 11111 1111111111, 0111110111111, 11111011 110111011101111111101111111
111 1 1. 1614111111110111 1111 1111111 potem 1 1. 16481011111111111110
1111110111, 21111111111 0110111 go 1101111111 1 10111111 111 11. 16501101·
1111011111 11101 11111011 (11. 110111. L. vol. 154 Kar. 362 --3191 1111 1111011
1110 11110111111 1 1 1111101111111 101111111111111101111111111. 81111111,
1111 10 1111 0111111111, 0 1111 1111111111 111111 od 2111101011 10101011, 11 1111111
1111111111 11111111111111111 8111111111 111111111111111111.

⁴³) 11111111 11111, 111111111,111111 111110101111111 11111011 1111111
do akademii 1110111111, 1111111 1611111 11111111111111 1)-11 (1.1). (8111111111
Βὶ111111.,1. XIII, str. 155 1 1561. Do 101111 111111111111111010111111111 111-
111111111111111111111111 1 11111111 1 1111 1011111111 111111. 1111101011 11111
111110 0111111111 111 11110111111111111 111111 19 111110 r. 1656. Ζ1111111, 11111-
11 po 11111110 1101111 1110111111 1111111801111101111 (1111111118111. 11. Ζ.
1011). Ρ1111 11111 11111111 01111111 praee 111111 1111111111111(8111111111
1111111111. 1. XII, 111. 10141. 10111111 11111 11111111 praee 1 1111111111 (1111-
1101111111 11111111. 1. 111, 11111111 111. 302). 1111111 11111111 101111 1 marach
i po 11 luuram! 1111111111. Ζ011111111111211011111111111111010111111
1101111111, 11111010101111 111111, od 11111 11111111111111 111 111 11111 10 tego
11111111, do 111 1111111111111,11010 111 1111111111111111111111111. 1101111111
111 1010111111. 11111 1110 1110111,1111111111 11111111111111 1101111111 111·
11111111 1110111111111111111 1 111110111111111 0111 11111111111111111111-1111-
1111110111111. 61111Μ111111111, 1111111111111111 1101111110, 11111111 110-
11011 1111111111 1110111111. 111111 1111011111, 111111110101101111111111111,
110 11111111 1111111111 10111111 0 11111 1 ,11101111111111“ 101111 1 1111111111 11-
111111 111111011111111 11111111 1111110111, 1 111111 11 1011111 011111 111-
11111111.

⁴⁴) 11111801111,111111 1111 1111 autor 111111, 111111111111111111-
1101111111 1111110111 1 11111111 (1111110111 1111110111. 1. VIII, 111. 211 1 229).

⁴⁵) czarnos niezawodnie 11111 111 11110111 1110111 1111. 11,1111111·
1111110111, 1 11111111 0110111111110 ,Ρ1111100111111.“ 111011111111111110 ,Co-
111111111.“ (1111111111 1111110111. 1. VIII, 111. 226 1 2301 1111111111 1110 11111-
111. 1111011111111111111 1. 1641, 1111111111 111111 1110111111111111 11-
10111111 1110 1100111111 01111101 (11. 11111. L. vol. 1141. 111 111110 11111
1 1111011111, 1111 11111110. Na 11111 1110111 11. 1618, na 1111111 1111111111 111
1011111111 1111111 110111010111 1111111111 1110111111, 1111 11111111 111 1111111111
8111111 (11. 11011. L. vol. 115, 111. 96). 1111 11111 10 1111101011110 1111011
1101111111 1011111111 1111111111 1111111110 10111011 1111111 11111111111 1011
1639. To 111111 1111111111 1011111111, 1111111111 1011111 1111011111 111 1111111
w 1111 111111 1101110111] 1111111111. 11111010101111811110110111111111111111-
1111111 11110111, 110111 0111111111 od 7111101111 Ι 1111111111 1011 111110, 11111·
11111111101111111 10110111 1111101 1111110101 111111111110111111111111111.
11101111,1111110 1 11111 111011 11111111 1111111 111111 11101111111011101111 111-
11111 1 0111111111111 11111111 111111111111 11111111 101111111111111111111111·
11,1111111111011111111111110, 11111111111110111111, 1111 1 1111111111 1111111111
1111011111111.

 

