1010110111. 189

concionatoris, conjunctum canonicatui 101 01001 Ρ1001010100, quod 111 10 1110110
0100001110001100100100 01001000 1010111, 00011000 1010000 00000000010010010-
00001010“ 010. (Pismo 100100010011. 1600, 11001101. 111110 0101001110 00010110·
01010, 01001001 010100010οι0 1010, 10 01111 0110011όο 100110101100001 1011010-
011110, 00101100101 1001011 1001001010 11010001 1010010. 1110011010, 010010 010
1 10010111 1111110101 1 01000101010011 100111100010011,100101111010101011001010·
0000010 00101 10111101 10001010, 10100001000 001000 010110 0010010101010
1001000, 0 000110000011 010 1010100000. 1100110 101000, 10 011011011111011100101
1010011101 0101000 0101110110 101010, 10110 010 111010 1 01010001001 0110101011,
010 0001000 10 01000000 11100101. 1101000 0100 0011000111, 1101110 0110001010,
0010100 0100011οἰ 010010010101 001010101001 1010000110100111010 0100 0100111
1 0101 81000 Βο10, 0110 0 0010100100101 0110110010 0110100001. Ζο01010010 10
010101 000001 1101100 1010110111, 0 potem 110100 1010010111 1001 00101010 00100001
000100001οἠ 0101001000, 0 01001001 0110111001000101011101 001111 1110010001
1 10011011, 010 1001 00110001 0001011001 110 01010 010 0011011101 1010 0 kole·
011001010010001111. Βο01000 0 100110 1010010110 0 01010110110 0000101011όο
1 11000100όο 1010101010101,10110-101 0. 11101001011111010, 0101010101 10. Βο11010
0 1110110010 0101001 1693-1694 01101 0101011 0100 01. 1691-1697 0. 100
1101001011 011. 1697 0. 100 10 10 Μο10; 010 010011 00111 1 0011101001010
1011010010, 1001000 1010 1001000001, 101 1001 0000101000. Ζ 0010100001001010
0101010001 0110011001 1000101000110010, 00101111 00100101οο1οε 01 101οὁ 0 1001110
0110001101 oni 0 1010010010, 0100101οο 000010111, 0 00001 110100 1 0101000110
1010 1000 1010 00111010. Ρο010001 101 1010000011 1000 1010111110 10111010
1 001101001010, 0110 1001000010 01000010 11001010000001 1000110110,10011010
1010010100 10100010001 101101 001001001011 1 10101001 10101010001 00010001-
110. 101 11100101 01100110 jak 00101010101 01101000010 10 001001101011101010
010 0110010010, 01010 0100000101 1011 010 1101101. 010 10001 (1011011101,
0110001000 1001000110 01000, 011100 00101011 0101111 101000 00000 1100010110,
0. 10 10 Mars, 1001000οο 0010010010 0001 1010110100ἑοί 1010000100 01010 0110-
1000010 0 Ζ10101010, 0 01101000100111001 0000110010οο 110100101101001110101110,
10010101100010 10011010, 010 1001101010οο 0011010οο 10100111010 101010011010.
1110011001010 10 11001101οε 1001010 0001100οὁ 0 10100101000001 11101010101101010
10101110 101111 011010 001, 1 na 101010100010 00010110010 1. 1704, 00110οε10 00
11101110010010 101001 1010011010 1 01000 00000, 10. 10000000 1110011οί000 010-
101010010010, 0100010111010 01100010001, 10 010 00000 10100111010 0110001010010
1010 0011101010 1010000 0001101010οο 11010110 00 01101 1010011101. 0100101
10 La Mars 101010100110010 01101010, 10 100 0110101 1010101010011011010111000
100101 0010010101 101001001010 000100 1010110001 101001. 1110001011 100 0110·
00100101 10 10101 0001000100, 10 01101 1001010 10001 0101101011010011101111110-
100 1 011001όο 10011010, 011001001010001 0111001001, jak 01101100 101 1 0110101
1101110 11010 0110010010 10011010 1101011. Το11 1011 101001 1110010100011 101010-
00101, 10 010 101011 01000 001010001010 0010100100 1010010. Ρο010001 1010011
01000011 00111001 1011010, 11 010 11010, 0 0011000, 0 101001010, 1110010 10 0101
010 0101011 01000101001 001010, 10110111 0010 00 0. 0. 101010101όο 1000101101,
01000010100001010,1011 0101010010111001010 0000101011, 0 0000101001 81000
1101000 101001. Ζο11000100 01, 1110100001 0 1001010101. 1674,01101Η101001110 Ζ’0·
1011101110οο 0101010οο 1100100011000, 10001 1011 00001001010 10 0001 0010100101

· 1001100101. 11101010 10100101 1 0001000, 01110101010111010010000. 810110·

010101 1000 1100110101 110 1010 100000 1010 101010 1101000101, o.0. 1010110001 jo(

 

