1111111111 191

111 11111. (1111111 111. conv. vol. Π). 0 11111111111111111111111111111111
111111, 1111111 111111111111, 111. 11, 11111 11111111 111 1111111111 111111
11111 1111111111 1111111111 11111 1111111111, jak 1111111 111111111111-
1111111 111111111111,111111111111111111 111111111111, 1111111111 1111111111
111 111111 1111111111 ,11111111111111111“. 1111111111 11111 1111111111 1111111
w 111111 ,1111 11. 1111.“ 8111111 11111111111111 111111 1111111 111111
1111111 1111111, 111111111111111111111111111111, 0 1111111 111111 1111111111
1 11111 111111 111 111. ’.

¹⁴¹) 11110. Ζ. 111. II 1 III; Ar. Kons. L. vol. 1261 128, 1111 11111111
1111111111111 111. Acta 111. 0111. 111. Π; 111. 11111111. 1111111. Ζ1111111
1111111111 1111111111 1111111111 11. 1116, 11111111 1111111 111111111111111
1111111111 11111 1111111 11111111111111111 8111111 111111111111 1 111111
1111111 111111 11111111111111111111 1111111111.

1111 11111111, 111 w 1111111 1111111 XVII 1., 11111 1111111111111111111
1111111, 111111 111 1111111 1111111111. 111111111111111 1111111111 111111-
1111 11111111 1111111111 1111111111,11111111111111111, 11111111 1111111
11111111 1111111111 1111111 11111 11811111111111 111111111111111111111111
111111 1111111 11111111. 1111111111 111111 1111111111 1111111111 1111111
1111111111111 1111111111, 11111111111111111111111. 1111111111111111111
111111 1 1111111111 1111111111 11111 1111111111. Μ1111111111 111111 1111
1 111111 1111111111111. Co w 1111 111111 hylo 1111111111, to, 11 111 1 11111
11111111, 11111111 1111111111, 111 111111 111 11111111, 1111111111111111-
11111111. W taklem 111111111 111111,11111111111111111111111 11 111111 11111
1111111111 1111111111 111111111111111 11111111, celem 111111111111111111111-
11111111 1111111111111 1 1111111111. 1111111111111111111111111111111111111
1 1111111111 1 11111111, 1111111111111 11111111 1111111111 111111 11111111,
1111111111 1 11 11111111 1111111111.

1111111111 Μ111111 111111111111 1111111111, 11111111 Ζ11111111Τ1-
mam-mos (1704-1725) I Μί11111·Ζ1111111 (111-1135111111 11111111 1111,-
111 1111111 11111111 1 1111111111 1111111111111111111. 0111111 111111111,
111111111111 11111111 1111111111111111111 111 11111 1111111111, 1111111111-
1111 11. 113011111111 111 1111111 111111111111 111 11111111, 11111111
11111111 111111 1111111111, 111111111111 111111111 11111111, 1111111111111111
1111111111 11111111 1 11111111 1111 111111111111 111 (Acta 1111111).
NIezawoano to 1111111111 11111111111111 1111 1111111111111111111 1111111111
1111111111 11111111 111111 111111 1111111 111 11111111111111111. 11111111
11111111111111111111111, 1 111111 1111111111 111 11111111, 11 1111111111
1111111111 11 111111 11111111, 11111111, i to 11111111 111 1111111111 1111 111
111111, 1111111. 511111 111111111111111111 11111111 111111111 111 11111111·
Ζ11111111, 1111 Μ111111 111111111111, 1111111-1111111 1111111 2111111111.

Τ1111111 hyla sprawa; to 111 2111111111 11111 11111111111 111111111111
1111111, 111111οὲ111. 11111111 111111111111, 11 11111 1111111 1111111111
1111111111, 1111111111 11111111,11111111 1111111111 1111111111111111 11111111-
11111111 11111111 11111161 1111111111. 11111111 111111111111111111111111111

111111 111111, 11111 1111111 11111111 11111111 111111 1111111111111111
11111111111111111 11111 1111111311 11111111 1 11111111111111111 111
1 11111111 11111111 1 11111 1111111111] 1111111111 (Actu C. Z. vol. II, rkp. 111·
11111. 1111111111. 1251. 1111. 1142 111111111Β11111111 1111111111 1111111-
1111111 11111111 1111111111111 1111111111-11111111111111111111111111 1 man·

 

