100 inermem

616011. 1110060001Ῐο 010 01000001010 10 imo 0010100 60600000 616100000011111111.
11101010 110. 6011. 101. 1'1 001 m 1767 1 1766, 110. [imese. quaesti.

¹⁸⁶) 110.11000011.1100001.,110.11010 11616011. vei. ΙΙ; 101011 Z. 101. 11.
10000011 601 0000601000, 0 0000 1100010010 Ρο000011000 610011001100, 000111
1101010000 00 6101101101, mliorem „Acie Academici 1000110010. iiii. Το010
0001001010.“ 10000011 601 fundatorem 10606 0001100000010000060 0100 101οε
10100010, 0 1161001 01100000, 010 1001000010 0010001000 0000 000100 001010001,
00100001000 1000οΙ10-000110000001000000 010011010 0000101100. (Acie C Z.
101. ΙΙΙ ΙΙΙ).

¹³²) 110. 1100001. Queeei.¹ 1010 C. 1001. Π. 11016001 Goiumowsim,
0 011001 100010101106 1 1006010001 1000101010, 10 601100011010 6016000110,
10 (101006000110100000, 1000000600 00101010 00001010 00011. 101000000οι0
jesi 0 eimedi-memma 610110110011000 0 1. 1741 1 1765 (Ar. Kone. L. 101. 156
i 157). 1601100 1000 0010101000 116110 60100100011, 0010 01060000000110110011,
01001 010 Dr. 111. 1 0161000101000100011001000 0010101011 000000110001.1741.
10100010 01. 1766, 60 010010 0000101110 go, jeko 0106000000 110001000ος0
0106001116 01101 110010100ῐο 0106011οο 0101601000. 111000οο1010 0116100 00
1001010 1000101 0101001. 11001000106010 umeri 01. 1768, 0100 01010060 00
0010100010 6 maja 1768, 011000 10 6000600100 ,10 summe desolatione poet 1010
immediati 0010061, 010010 010 10010160 0 mega 01000010100006 0111061010
i 1000010 060 106016οὀ 010600000 01010 0600100ηο (110. Aeta Ac. 6000. 101. Η).
W depeinieniu „Aneeepheieosie“, 10101001. 1714-1796, 01001000οη0 0 wiede-
mos'eiech 0010000006 0 01010001οο1 1010, 0 1161006101060 001101οΙ1 0100110101
jaid, nie deje minei 00000101, 00011 10101010 0100101011οη 010100100100000010
01000 0106 601 0011101000. 6000006Ιο 10 00100010 00, 00 01010000· 00060100
001010010 10000110 100001011ος0, 106 10 i 601010 0 0110011 1006010001, 000
10000010101101 0100100100001 0001001006 0 01010001001. 10000101000101001,
10 0 00006 0000001 00101010 00 1010110011 01000001 00011 0100010006, 0011010
1010;1000100006 000 00011 00611000006, 100110 11010 0011010οο. Achomai
101010 0101000160 101011 00000006 0100160, 010, 0111000000 101010, 0011610, 1110
10010000 11010, 01000 0061010οο, 1 0610610οο 010 nimi 00600 060001. 11000011
1000101011 diomede 100οὀ 00000101 11101000, 00 0061006000 01000 01010001,
0061010110, 100100 00 10, 0100110001 1010110 100111, 0 00110101 01000, i odwroinie.
Co 00. 00100100οὁ moine 0 rejestru 100010101ηο 0 1. 001-11310 1161001
Swieiejadskie 061100001010101010100 1000101 „cim-mue 601600011 (60100100011)
0000101 1001010001 001100 ex 1110101101ι 110100 01000-00110 0100111101 0011011111
W 1010010 001000, 00 00001 100111 0 1010 1010, 60 100 0100110101 601001101000
1 001010100οε 10010, 10101010, 0000000 i 0001001100 1000 000 00001010010111010
0100600060, i 010010101100101000160, 1161001010 ,0010106010011600“ 0100000.
110001 0010011010 01011 0001110010011 10010100]Ι 11Ιο00011, 010 601100 0101000101οΙ0
0 000010 01001006 00101000110000011 00100001 (110. 11000011. Quaem).

¹³⁸) 110. 11000011. Quaem„ Acie 6. Ζ. 101. ΙΙ; Ar. Kone. L. voi. 125, 001
1. 1735. 110101 0010 1010101 11011010 (Εο11010601 61611001. 1. ix 011. 151 i 166).

¹⁸⁰) 1106000011. 1000001. ,1010 C. Z. 001. ΙΙ, Ar. Kome. L. 101. 126 001
1. 1765. 6610101011 00101 11110 1010101 110601 0000011000000Ι 11011001 (11011οΙ0600
61111001. 1. IX 011. 131, 136 11431. Wedmg 1000 0010107000116110, 0001100
’ 110010 10110100. 1010 10610 1000010100·οῆ 601 ΜΙ10100011 60110010011010 000-
10000οι0 fundator 6001001 1010010010 1 10011010 0001100011 00101010, 116010000-
101000, 0 1010060010 60110100 0 01010160 106 1000011όο 10011010. ,1001101101

 

