196 1111111111.

11111111111111; 111111. 11111111 111111111111 11111111111111111111 11111111 1 111-
1111111 111111 111111 1111111111 1111111111 1111111111 1111111111, 1111111111,
11111111 na 11111111111111 11 111111111111 11111111 1111111111 111111 1111 1111-
1111111 11111111111111 111111 11111111 11111111111111111111 11111111111111-
11111111 sum 111111111111. 111111 1111111111,1111111111111111111111111111111
1111111111 1111111111111, 111111111111111111111111 1111111111111111111111111111,
11111111 11111111 11111 1111111111 1111111111, 11111111111111111111111111111
1111 11111111 1111111111. Μ111ο11111 111, 1111 chalano 1111111111 1111111111 111-
1111 11111111 11111 111111 1111111111 11111111111, 111111, 1111111111 1 1111111111,
1111 111111111111 11111 1111111111, 11111111 1111, 1111111 1 11111111, 111111
1111111 1111111111 11111111111111111111 1111111111111,111 1111111111111111111111-
111,111111111111ὀ 11111111, 1111 11111111 11 11111111 1111111111 1 1111111111
111111 11111111 1111111111, 1111 11111111 111111111111111 1111111111111111
11111111111111111 111, 11111111 1111111111 1 11111111111111111111111111111,
111111111111Ρ1161111 1 1111111111, 1111111 regularum 11111111111111111111
1111111111 1111111111 1111111111, 111111 11111 11 1111111, bo 111111 to 11111 11-
111111. 1111111111, 111 11111111111 11111111-111111111 1111111111 11111111, 111
1111111, 1111 1111111111 111 11111,11111111ο1111111111 111 111111 11111111 1111111 111-
,111111111111111111111111 11 11111111111111. 11111111 111 11111111, 1111111111
1111111111, 1111111 111111 11111 1111111111 11111 1111111111 o 1111, 1111111111
111111 111 1111111111 111111111111 1 11111111 1111111111 1 11111111111111111111
zaprowadzld. 11111111111111111 11111111, 11111111 111111 111111111111111
1111111111. Ζ11111.11111111 111111111111 111 1111111111 1111 w 111111 1111111111.
Ζ ,1111111111111111111111111111111111111 1111111 1111111111 111111 11111111, 11-
11111111111111111111111111111111111111111111111111111111111111111111111 1111-
10: 11111111 11111111 11111111, 111111111 111111, Ρ111111111111111 111111 1 1111111111,
1111111111111111111 1 1111111111,11111111’11111111111 1 11111111, 11111111111111-
111111 1111111111. 8111111111111 1111111111111111111.11111 11111111111111111,
11 1 1111111111111111111111, 1111111111 11111111111 11 lekcJ'e: 111111111111111
,11111111111111 11111 1111111111 1111111 1111111111111111,111111 1 1111111 1111-
11111111111111111111111111111111. 111111111111,111111111111111“,11111111
11111 1111111111 11111111111111111111111,111111111111 1111111, 11111111,
1 11111111111111111 1111111111,11111111-11111111111111111,11111111111111111
111111111111,111111,11 1 1111 11 1111111111 111 1111. 11111 1111111, 1111 11111111
1 1111 1111111111 11111111 1111111 1111111111 111 111111.11111111111111111111
11 1111111111 111 111111111111 11111111 1111111111 w 1111111111, 1 11111 11111-
11111 1 1111 1111111111 11111111 111 11 1111111111 1111111111111 1111111· 1111111111
Ρ1111111 1 11111111111111111111111111111111111 11111111 11111111111111111111
1 1111 1111 1111111111 1121111111 1111111 11111111 1111111111 8111111111 1111-
·11111111 1111111111 11111111 1111111111, 111111111111111111111111 1111111 1111-
11111111, 11111 11111111 1111111111 Ι 1111111 111 1 1111111111 11111111 1 1111111111
11111111111111111, 111111 1111111111, 11111111 11111111111111111 1 8111111 21-
111111, albo 1111 1111111 111 111111111111111111111111111111 1111111111 11111111
111111111111 11111111111111111,11111111, 11111111 111111 11111111111111111
1 zemborzycach 111 1111111111 11111111 11111111 111111 1111 1,111 11111111 1111111-
11111111111,111111111 1111111111111111 11 1111111111 111111 1111111111111
111111111111111111111111111,1111111 11111 1111111111 1111111111, 111111 1111-
111111111111111111111111,1111111111111111111 1 11111111 11111111 111111 1111111111.
1111111111 111111 1111111111 11111111 1111111,111111111111111111111111-

 

