272 1111111111.

11111111 1111111,1111111111 1111111111ηοὶ 1111111111, 1 1111111111 11111111111111
11111111 11111, 1111111111, 1111111 111111οέ11 1 1111111111111111111111111111
11111111111111111111 11111 1111111111, 11111111, 1 1111111111. 111111111ῃὶ1 11111111-
mione, 1111111111111 111111111 111111111111111111111111111111111111111 11111111,
1111111111111111111111111111111161111111111111 delegatam 1111111111 1 111111·
1111111 1111111111 1 11111111 1111 11111 0111111111, 1111111111 1 2111111. 1111111111 11·
111111 11111111 1 1111111111 111111111111, 1111111111 1111111 111 111111111111111
1111111111 1111111111, 1111111111 1111111111111111111111 111111111111111-
111111 1111111111, 111111, 111111111111 11 1111Ι 111111 1111 1111111111 1ό111
1111111111, 8111111111 1 Ζ11111111Ρο111111111111111,81111111111 1 Τ111111. · Po 111-
11111111111111111111111111111 11111, 11 1111111111111111111111111111111 1111111-
11111111111161,11111111 11111111 1111111111 1111111111 1111111111. 011111111-
111811111111 1 1111111111 11111111 11111111111111111111 111 1111111111 1111111.
Ρ11111111111 1111111111, 1111 111111111111111 11111111111111111111111111111111
11111111 1111111111, 111111111111111111111 111111111111, 1111111111 11111111,
1111111111 za 1111111111 11 111111111111 11111111 1111111111111, 11111 1 11111-
111111111101111111111, 1111111111 1 Ζ111111ε 1111 1111111111 1111111 1111111111
11111111111111111Ι 1111111111 11111 do 1111111 1111111111 1111 1111111111 11111 11-
1111111 1111111111 1111. 11111111 1111111111 1111111111 111 1111111111, 1111-
111111 11111111111111111111111111111111, 1 17 11111111 1. 1784 11111111, 11111-
11111 od scholastyka 111111111111 111111οὲ1, 11 delegavi 111111111 1111111
1 8111111111 11111111 11 111111 111111111111 (1111111111, 1111111111 1 ’11111111 11111
1 1111111111 1 1111111111, 111 1111111111 1111111111111, 111111111111111111111
111111111111 111111111, 1111111111 1111111111111 11111111111111111111111111111,
11111111111111 111 11111111111111 11111 1ο 111111 111111111111111111111
11111. 11111111 111111 111111 11111111. 0111 1111111111 1111111111 111111 1111111-
· 11111 1 111111111111111111111111111, 111111 111111 1111111111 111111111111111.
Rok 1111111 1785 11111111111 11111111. 11111111, 111111 11 11111111111111111 1111
24 1111111111 17861.11111111 1111111111111 1111111111 11 11111111111111 Ko-
1111111111111, 11 1111 8111111111 1. 1111111111 1. 1781 111111, 1111111 111111111
11111 1111 1111111 ,111 recompensam avulsorum fundorum 11 111111111111111111111
polanae servientium 11 (1111111, 111111 11111 1111111111 111111 11111 1111111111·
1111111111 1111111111 1 1111111 11111 0111111111 1 1. 1. 1111111111, 1111111111 11111111,
1111111111111 1111111111 1111 20 11111111 1. 1781 111111111111111.111111-
11111118111111111111 11 11111111 1111111111111 16111 1111111111. [1111111111
11, 1111111 1111111111. 11111111111 1111111111 111111111111, 1111111111 11111. 11-
11111111 11111111111, 1111111111111 11 kapitula 1111 17 1111111111. 1787. 111111
1111111 111111 1111111111 „favore conservandi (1111111111Ζ11111111111“-1111111
11111111 1 1111111111 1111111111111111 1111111111 (Acta C. Z. 111. 1111.

Τ11111 1111 11111111 1111111111 1 1111111111 1111111111 111111111111 11-
11111111, 111111111111111111111 111111 111111111 1111111111,11111111111111111111·
1111111111. 1111111111111111111111111111111111111. 1111111111111111111111·
11111, 1 potem, 111 Ζ111111 1111111111 111111, 11111111111111. 11111 11111111 111111
1111111111,.1)1 11111 1111111111ιὶ 1 111111 11111111111 1111111111111 1 1111111111
11111111111. 1111 1 11 111111111111111111111 11111111, 1111111111111111111111111
1 1111111 1111111111 1111111111 I·o 1111111111, 1111111111 1111111111111 111 1111111
1111111111 [11111111-111111111111. 11111111111111111 11111111 111111111111111 111
11111111111111111111. Po kilku 11111111 1111111. 1111111 1111111111 111111111111111·
’111111111111111 1111111111 1111111111, 1111111111 11111111 111111111111111111111-

 

