151 1001110111.

101 01011 0011. 11110001 00 οο 10000 010 01010010, 0111 1101101 go 00010011
0100001, 0 01000 01001000110, 0010010100 0010001011 0001110001 010 0011100101οῑ
1 100110 01100 0000000000 0010100010, 0101110101 010 010101011110000101001,0011,-
0001 00001 0111101010 0 101101010οἰ0, 010 00011 0001011111 0111 0001000 1 000110-
101010000001110. 80010100 010 0101010001 00 01010000001011010 010100 0000-
00001 010 1000 1101010101 0 0100010000ἱο 0100101011 1 00010101000010101.
W 00011000 01001100 0000110, 001 1100100100 011000 0110100010, 010100 0000·
1010 οο 11001 00100010 0 0001 0000101 011000011 0100001111 0010001011ος 10·
00011 100 00010101110100101001 010 01001 00010110 mu, 0010 1100000100 010 011
001001010011. 1100000100 0 1010100 1 00100 0101000 0 1100110101 0101001011
01000011 10101 010001000010010 1100010 0000001110. 1000 010001 110 1100
00000 10001 000101 010010 00 100001 11011 10111010010000, 010110, 00010010 0 0100
1010100. 1100000100 00000100 010011 0100 00100100, 0100010000, 010010 00001·
00, 010 00000100 10100011011011 10 00110 100010 01000 010 01000; 110101010-
011100110 0 0010010 1101101 010001, 010 0001, 00001 0100011010, 001001 1100-
100 010000010100, 0001 00001011 1010100 100100 0100010 00 0010. 601 0100
0 101010 00110011 000100 0001010 01010 00 000001, 001 00001000010001101 1000
0010000101 0000011οο 1011010001010101001110011, 0 11110110 1101101 00110 10-
0011 0 01010000, 10 1011100010 0010000100000 00100010 0 nim zaufanie3 0110-
00001000 000100000010 0000101001 0011000 100000 110010 1 01000000οέ0 00011
001 01000100101 1000 00001000101010 0 1001 000100000110010 0001011100 0010
010010, 01010 0 11011101 00000000 0 ,10000000100010“ 0 0110 11110 0001000101,
00 011 ,1000101010 000011 01000010100 01000, (Acta C. Z. vol. 1 00 1. 1678-ΙἹΟο
11. 11οο0. L. 101. 116, 117, ll& 110. 110. 000010.,011. 011-191110. Quaedam).

⁹') Ρο001 Antoni 11100001100100, 00001010010, 00011 00010101 0 01000011
0000101101. 10001011 00 0101 00 0101000100 1. 1614, 011100010000110, 0 00-
1010 0 101 0010 0010001110. 101 0100010101 1000000 0 r. 1682 011100011 0100-
0000000010, 00 00 10110101 110011 0101010101 00010001. 110000111οω 10110011011 10-
0101 0 1. 1682. W 01000011 001000001 0001011ἰο 0100011010101000010 01001
0101010111 00 0011010. W 00100 10011011 0 0101100010 0101 000101, 0000100100·
0101 0010000 do 01100010100 0010110001000, 0101001001 0010001 0 0101110100
1110110011 00 0101000. 1101011010 1 010000110001111100 0001001011, 1 000010 00-
01010011 00 001001 0001100010100000 010000010010 01000010000100110011100-
00101. 11101001001 010 101100 01000 0010 0101001000000 00 101 01000 1011000111
001011000100000000010011 0011010 (1010 C. Ζ. vol. 1. 110. Album 810011. 001111.
Pisa} 1010111110 0 0100 0001011 01011010 00100001 (1110010000 Β1011000. 1. 11111,
011. 342, 3013603121. 81011 Ζο01010 0100 610100οω010, 0101 0101011010 0 110-
10111100001100101 011 01000 01000000 0110100000οο 10101010, 101 0000000, 010
00100010010 00 10001010 00000010101000 01000 1011010100-00101000,100100100000
10000011 1000101100, 00 1101000 00100 000000110010010 010 0 10 011001010110-
11. 101 Ζο0101011, 10001010 1 0011100, 100000001 0 61011000001010 0100100
1000001010 10010000110 1 010001110, 0011100 0 001010 01001110. W 10010000010

’ 1010011 0110110010 001010 00010, 010 010 01010010 00 1000. 1001 0 0010010

000001011000011 0101101101 0 0011 1000101101. 1100001100100010000 11010
000101 0100001100 0 1000000010.

⁹¹) 1100010101 Κο11101010 1110000100, 0000101010, 00011 010 1 0100010
0001000 0110110οΙ 0 01000011 0000101101. 110οο0110 01101001 0 r. 1666, 00110-
1001111000001010011010101 0000001000 0 1. 1108. 00100101 011 010100 w 000-
100 0 0101100011 1010010110, 0 0001000100 0001001 1010100 100010110οο, 01001

 

