166111661. 149

¹⁸) 16666666, 6666166616 6 6161661666, 6666161 6 6116116 661666661
6161661166. 0616611 16 6666166· 6. 6. 1666161, 1161616 116166 66116666 166666
61666661 61616616661611 1611666661 6 6616616 XVIII 6.

¹⁰) 166666 (1166116166 66611 1116611616 66116161 111666111 6116661161 6 616-
666111666161611161 r. 1666 (1666161616 61111661. 1. 1111, 611. 14), 6161666 6666161
6 ,16666616166616“ 6661666666 ,Β66661661666“ 666116611 66 ,11661616 166661-
11616 1611666616 6666161166· 666161 6 r. 1670, 666 6161616111 1661666661 6 1. 1662.
11161 666666 666161 6 666166666661 66166661 16611616 1 6166611111 6111616 666-
616 661666611661666· 11161 6616166161, 66 1ο 1166616661 6166 6611666616 12,000
616. 6 sum 6666661166161Μ61616661 Ζ661666116166 6 1. 1687. 11616661 66 61166-
61166 111616, 616 61666661 6661666 6616666 1161166661, 6166 6166116 616166
66616161 6116616. 111666 66 16116161 Μ616166 Ζ66166611666, 16611616 6166666111
666 661666661661 616 6 1161166616, 6 [1611666111616161161166 616661666661, 666
66161661611116161166666 6666616161, (1166116111 6 661661661 16611616 666616
6666161166 6161616 61666616611616. 1666 166 166616 6 1166616611616 (1161661-
66661 666616666616 16611616 66 synod 6666666616116 6661666 61666 6616616616-
go 6 1. 16111, 66 11166666661666 (1616 C. Ζ. vol. 1).

⁸¹) 0. 1166616661 1166161116 6. r. 1673161 6 166616 (11161. 66 6. 110.
6 Pol. 1. vl, 611. 73). 16161666 666616 6166661161661666616.

⁸¹) Wlelkowicz‚ 161 1 1116611611, 666 66661666 666161666161166111,161
16116 1616161666 1166661 666 61. 1666 6116611161 6611616111666111 6 6111666111
6661616616] (6611616166 11111661. 1 XII, 611. 14), 616661666666 6 ,1666661666
616 66616611 ,Β66661661666“ 66 ,116616166661611666611166116116611616 666166·-
61166· 61. 1667. W 16111 666616 666661 6611666616616616616616166; 1666 61161-
6616 1. 1668 6 166Ι 1616616 6616611. Β61 616166666661 6 Β616166 6116 Β616166,
661 1161666666· 66 616666661, 166666] 666616] 6 6116116 661666661 11616661166,
6616 1616166161. Ρο6 1. 1676 6616 14 16161616 6116 166116166 6666666616, 66
6161166166 1666611 1 61616661 66661616666 666666616666,661611,1 6616161
6661661666 1616616 1 1666166166. 6616116116 616111, 6116 616 1116616, 16116
6 61661116 661661 16 61666 11666;,Τ11616, 66 66166666 666611. Wielkowicz 666-
66611 11611666 magis, quam 661111 ,66161 etc! (1616 C. Z. 161 I). W 1611616 1616-
6166 ,16666616166616ιι 6616161 1116166166 66616666166161661611 6666611611, 66-
16116616 1 61616666 661666 16166666 1666666666 616 616166 166116, 61661616 161666
61661616, 6 666661 666666616 6166666111 ο 61616661661 1661116116. Dor. 1662
1661166661 616166616616 maja¹ 6666666666 1616 6616661 6ο 61666611 1611 6661611
61661661, 1666666666666 66 1116611666 66 61611661666166 6166161166161666611
161661666166666666. Te 6666616616, jak 1666166 1 166, 66 1616 66116161 61616-
66166 6616616666 6616666611, 166611 66666666, 66 1. 1666,66611666616 61616616 66,
6666666666, 6666666, 66 ,16666616166616α jak 1 6161666 66666 16166166 6 116-
1661 6661666166666666, 66661616 6116666 1611616 1662-1666.

”) 1161161661 1166611 666161 1166666611, Β66611161161 16166 66666666,
w r. 1666166116161611Β1111661. 1. 11161114). 16661666 do 6611666 661116·
66 w 61666166, 6116166, 666 11161166166 61666666661 1616616 16616611 61616166]
61. 1666, 1611666611611, 166 1666611 6116166611, 666161 61616661661666 61666-
111616 (16166666616 ο Sem. 66611. 1666611161] 66616161. 1667 (1616 C. Z. vol. 1).
1161161661 1161 61666 161 666 66 1612 -1674,1,1616161166666666661661 ,1666-
666616666161666Β66616611“ (1161116111 Stud. A. Z. vol. ΙΙ). 11116166 66 66661
161661 1611616166, 611611. 6616 4666661. 1674, jak 66666666 ,16666616166616“.
Za 66616 66661 6616116 116661 6666611666666 6166166616 1669 (6611616161 BI-

 

