’118 6661111111.

116616616661111111616 16111111, 116 1666166616, 1111 111 66111611 6 16161116.
Ζ1661 1616161 1161166111 6 1. 1691, 6 11661661616161 1666611111616616
66111611,161161 w 661661 11111611 6111, 6116 161 616 66, 616 111611161661166
1616166111 61111661. 01161116116116 16161166661611,111 11 16661661 1116116-
161116 1161616, 61616111116 1611616111 66611, 1611661111 61616611661116616-
61616161 16611161 611, 16 16 1616 161111616 1111166116. 1116611 11166 16161 Zie-
166161 1611161, 111. 1600,1611ο16111616 6611661 166161 161116 1666166616,
1616116616 66 1611661161 161616 61616611, 16 1111611 61616 6611 161111, 111616
6161611161 1161611616111611161616611. Ze 61616 61616111611 161161, 16 661-
11 1166161, 616 6161616 6111166161 616 66 66166 6111611 161116161 6161661-
16, 6116161161. Ζ116161 16 666111 111 61616161616 61166161, 6161611661661
116166161 1611661616166. 11161616161116166166,611661 11166661 66616 1616-
1666· 611 161116 1661116611 16 1111161 6616161 1161616 16166 666 1 161116661
16111161 11666111 16111166116 161 11116 66111611 66161116166 1 6616166 6616111
(1616 0. Ζ. 161. Ι 61 r. 1666-1100). 11666 66616 116161 1666111161661 11616-
116116 11616 (1111616166 Β11111611. 1. 1111611. 14-11).

Ν) Antoni 11616611, 1161616 6661666 61111661 11 61616611 1666111161

(1116616166 0111116161. XII, str. 141 1301. 1116111611111666611166 1611111611
· 166616116161611161666. W 1. 1619 6 611661 161116161616161661661161116·
ko „Philosophiae 666661661666 Elementorum Profess0r“ (1616 0. Ζ. 1611). ’1111-
16111, 16111116 1161111 11 61616611. 01616 1. 1661 11111616666 w 1111616116
(Ar. Kons. L. vol. 25). 11161161 1666161616 6 111616 111161 116116666666
(t. XII, 611. 130), 66611 6616611 w 2616616616 161616661666 1. 1619, 61116·
16 1666161166,611616616611616116116 166 111611661161, 6166161666. 26-

166116 6166166116 1 1161611666, 6 6111116 1611661 111666111 11616661161, 1611
1666661161, 61111 1611661161.

²⁶) 161 61. 1619 Ρ166161611166 D-r 1161611 111 1161666166 166111, 6 16-
166 1161616161 661161 111 16 61616611 16661661, 661161116 66116616 ,16666-
116166111“’ 11616 0. Ζ. 161. I). Nauki 661161 16116161 6 61616611 1666161161
(1611616166 61111611. 1. XII, 611. 12). 111161111611611616116661111616611161610
6 Ζ6661616 (Τ6616, 1. 11111. 111. 232).

¹⁶) Ρο1ο16161 16166111 6111616161 666161 66 1161666161661616611,111
6 1. 1659 61611116 611 16111166116666 6 1661611616 1161666166616111 (1616 0.
Ζ. 161. 1). 1666611166166161 w r. 1663 (161616).

. ”) 166 6161166111, 8611166116 1611 861611661116 16116 61611611
6 611661116661, 61. 1662, 16666 116116166 1611166616166 66 61161616, 111-
1116661 16166111 611611, (1661. 066161. R. 0611. 111 1166161111 616. 011666. SJ-
6611 1090-1891, 611. 69). Ζ661666111666611166 16116111611 166616116161.1661,
6116616 111 61611661 6 161 1116616161616161166661. Po 0611661116, 111
166 1 16116111 1166616116616161661111616166111,661161 5161166611 11616116 111-
6161166 61. 1667. 1116 161116166 66116611 16 1161666166 16616111 1116161661.
Ζ1611166116 611. 10001616 16611161 66 61116616616 w 161161116616 66 16111
111161 661161,16 06111666 06161111* (1616111161. Ι). 1616116161661 11161·
1616616, 61616 1. 1670 1111616661 1616111 1161161661 (1616166111161. 111,
’ 161. 211). 16116116 1666161 1666161166 6 61111116 111666111 6161611161,1111
166661161

- · ¹⁸) Kr6tk0 116611 6 61616611016611,11111. 1661161 661616 6161666
⁴ 66611111 0: 1116161 1166611161 11161661 (1111161161).

 

