1011010111. 115

[10100010110010010 10 0100001001 1010011011, 001001000 001110010ου0] 00 0010111
01010000 0001000001, 00 0000010010 1101000 101010 00011οΙ11 10 0010010 0010-
01010, οο 101010110111101100 011000101010 01001100 1010011 1010 0010100ίο 00-
101001 1110001010, 001001 1010101. 00010011 1011001000 00 01010101 1110001010
1 0010111010, 011010 1011001οὁ 10011010. 2010101 01101 0001010100 00000οό0 00
0101 0000100 010 0101000100 1 0000001100100. Ζ 0001 0001101 01000100 1110
1001000 110. 01100001000011, 110. 100 01101 0100 0010100101,3001000011-01010001,
110. 100 01010001 0001011, 110. 100 01010001 analogii, 110. 100 01010001 10001000-
100. 8000100101 1 1000011-01010001 ,0001101011101“ 01000 00010100101011,11100’
1001 00 001101001010. 1110011110 00 0000101 00 01010 0000101000 1 0000 00111000
110. 1110, 010 10100οο alumna 00 001010 110. 50, 00 0101001010 1 00111000 0001100-
100010 110. 00. 100100011οἑ 0000111 10 0110000110 000100 1 0001 01101100
1 1100111000 0 010110.,101001 0010101000 010100010οἰ 10011010 011010 010010 110.
10. a 1010010 01010 30110. 1001010. 11101000000010010 0111000001] 0000100000
01010, 1101010 1100110111 0001000011, 000 100000οιιο 01101 00. 20001011ος0 00 111001
1001100001 110. 1000100, 001 0001001000 do 00000101 10000110 000 10101οιοε ,00-
0001000 ’00001001οι0ιοίί 0100 „canonieus oeconomus“ 010 001010010 100ι 1001001.
00010010 10001 1000011001 101010 00000 0100001100 1010000101. 1110100010101001-
010 1100110111 1001101 110. 3000 0 10010010, 000 1 01000010 00 100· 00010 01110·
000000 0 00101010000011 011010001000 001011001011011 00101001οᾶ010. 01010000
10 1011001100 01001100001000011011000 1010101011111110000100 lV 1 0011011630,
010100 100 10011 11001100Ι 1101001011 10101010111001001010 1011110001, 1011000010
01001100, 0 10010 0010 26 1110100 1. 1030 (Academia 0000. R. 00111. 001100.
10011-11100. De 1100100110 010. 010000. 501000.,011.79-06). 00 tego 01000 01
do r. 1712 10100100 010010 00 01000011 1000001100· 10101010, 0010 01101 001000-
000000 110110 01000001 0110100000, 01010 00 0100· 0101000100. Po 0101001010
00011010101011,00οΖ001010 0111101001 000 11000 000110000110, 10100100 010010
01100110 000 100100000010 10011001 0001000000] 100111 01100). 0010100011 0 00·
0100001000 00000 1010110 1010101 01001100 1 0100001100 1001000110, 0101 1000
001101, 0 00001 0110010010 0101001110 100· 1010011 10 1000, 0000 1 0000101101001010
0010 00100000.

⁴¹) 001000 0001 10 0100 0100011010, 10 010101010οι0 00001100]οω 1010100010
010000100000000101 przemys'lsklnj 11110 1000101100.

⁴¹) 2000100011 101001 1 001010001101 100011 01. 1630011110 0010]Ι
0001001000, 0001010010 ,00 1000100100οο 1000001100 2001000οι101 00110010
01000000. W 101 00 001000010010 010 do 010001011 1. 1030, 100101 001000 101-
10100, 0010 ,1.11. D·r Academiae Ρο000000010, 010101100010 00010οΖ0000000010
00011000 101100100001100010100001“(11011100108100. Λ. Z. vol. 1). Ρ10001000-
010100 0 01000011 00110001, 0001 0100101000 01100 01000001, jak 10100010
01010 0110110 1 10101000 0110100 01011001 0010010011 (Εο110101101101011001.,1.
vm, 011. 222, 219 110). 00101010 101110 00100010 1100110] 00101001101110 .Νο-
110 0011011 01011, 11 2010010000 00110001 010οο 1000010100 01101101 10110-
01011 00101 111011001.,1.111, 011. 007). 111000 2000100011 1 10110000101010 00-
1100011 01000, 0000100 1001010 010 οο 101 01010010 0 010000111001000110]
0000000 0101000000 00 0011010010] 0010001001οἰ. Το1, 01. 1037 0010 10 11000

000010 010 010100101010 0100100000, 0 00110100 0100 100101 1100010010 1100-
010 10001011, 0 1010 101 0001000001001026 10101010 100101 10110110 1101101010
0010001011 1110080010 10000111010010100 1 00100001 0101111011 (110. Leges Α.
Ζ, 011. 00). 0010101000 00001 00100100001101001100011, 0 1001100· 00101 001·

 

