0011101011. 251

1111101110 11011010. 1111101110 10101010, 1111011101 111011001001111010-
010010, 1110 01011010 10, bruno w 1101111, 1011010 101111110101 1011110111

11010 01011 1101010111. (111 11101, 10 0111011 101110110111101101111011 ΙΙ,
1010101011010101111, 111 001111 110110011010, 111100110111 11111101 111-
1111111. 1110 1010110 10, 1111111 0101100 8010110110 01110111 1 100111 11110-
11111111110110011, 0111001111 1110111 10110011 1001111. 11111100 0111101110
1101110110, 10 111110 1111110011 011110111111011, 10 1010111010101,1010
11110 1111111 101100 111101, 0 01011111 1101101111010. 111 110110101111010,
1101101001101101101111010, 11110 11101010 r. 1762 1111 101100110111010
1111011010 0100111010 1011111101110 8011011011 10 1101000111 111110 110110011010.
1111 1111101010 111 1011111 1110111011 w 111 1111110, 110101111010, 1101000111
101111, 1111111111 0101110011 10111101, 1010111111 do 1010111 1001111111 010-
110011010 111110 0011101 0110110101 110001 (11111 11101. 1110111010 101011
1111101111 111 1110101010111010 11010101101111 10011110101011111; 1 10101
1. 1184111 1111010111 1010101111. ’

¹¹⁸) 11111010111100011. ἱ

¹¹⁸) 1111Αο10 Ac. Conv. vol. 11; 1011 1100100110111011100011111.Κο10.
L. 101. 142; 101011111181011018110110111. 1111011110, 1879. 1111011111·
110111 10111 0101111 11110 10101111 10 1110110111 81101100 1 1111111101 10-
11111101 0111011101101010 1011011110101, 110 11111001010,1 10101110101-
1011101111 000 1011110100, 111110 1110 1111111101 1010111111 11010 10-
10111101 11101111101 1111101011. 0 11101001 101 1101101101 1111101011 11101
51101100 011010 1011110110, nie 1110111101, 1011101οΒ1111101101110 1111101-
chara 1011101110 1111011, 111 1 0101011101010 1011101111 1110101011 10101101.
8110110, 1011 1011101 1110101 1 0111 1011, 1010111 10 1110111101101 1 111-
11110101110111101 1001101, 1 101101 10011010 1 10011110 1101110010 11011 Ale 010
111 bez 111111, 00 101 1101110, 10 110111 10 1110101 010 1101111 1101111101
1 0101011011 1111100111. Ζ111010, 01 00101, 111111 0001111010101111 1011111111
111011, 11011011 011111 01011011 011 1010 1110101011, 110110 1111101010
01110011. 1001 1011111 10111101011011100010, 101101 1111101111. 81011 1110
0110101. Ρο 11110101 1101011 1010111 01111011 111000110110101 1111101000110-
11010110101011011, 1 0111111011011111101010; 01100111 110111010001101110-
1111111011 111101101100100110 01111101111010 0 111 1001011111 1111101
011 11111110. 1101101 011111 10 1101010, 101111 11 011011011101 1111011 11-
11110111 10 0111011011 w 10101 1110101 1101011οέ01 81111101 11011 111, 10-
11101110 1001010 11111010 01100, 11011 110111110011 01 0111101111 00001
1 10011111 w 11010 81101101 1010, 00 10 110 10 101001 1111 1101111110. 8100110
101110 1111101010, 1010 1000110101 0111101110011, 1011111111 1101011111,
10101011. 011 1111111110 10110101 01011011010111110111 111010110111110-
011110 011 10 11011111 101 1101000111,111111110111111101 10111 111 0101111-
1011 110100010110111 110100 0 101 001 1011010 1011011101. By& 1010, 11
1111011 1111110111 01010 11110110 11111101001101101101011101110111010111,
11101 111110-0101011010101 na 101 polu. W 11010111 1111101100 11110 111111
1 1010111,-81101Ιο 11010 011 111111111001 10 1011011011111111 1110111010,
0111011 111111011101 1 0111011111 1110111101. 11011010101110, 1001011011-101
11. Ρ. ule 00 1000101111110010. 1110101011, 1111011110101011 0101011111
1 0111111 0111 101101, 101101 111010111101, 01011101 011, 110 111 1 0101110101,
1Ιο 1 11111110, 110110 ku 00110 1100111011. 1100101 01010110101101 1101111101
1001110100111111 01010111. 1111111110 1010110110 1101010111, 110 11111101

 

