1111414111. 237

4111111114 juratoriis deductum 441, intentare 4141 suntet praesumpserunt, quo
41144 111414 4141ι 1. 1. 11411114114111 1 8414111111 11111411 1414141111, 111141
141 1111141 (111111411411 141111 1111114114 1111114111 1 1141114411411414111
1114114 81. «1414 14114111, 01114114121111, 411 po 1114 11111411 1111111114 “

1114111 4111111 11 14111 1114114 111 11144111 114141-4141411 (1111. Acta Ac.
Cont. vol. Π). 11141411ᾰηὶ4, 11111111 411114114114 1111441161 1111111111, 14
411 1111 113111141411111 114 1111141111 (1111114114111, 01114111 1 21111. Β4-
14141111441111411 41411 414 111141111114111111, 1411 111141111111 111141 11411
111141441411 1411141 111114 1111 114141114141111411 41111114414141141411-
1411611. 1141414114, 1111441114 01114114 1 2111111114] 111111, 11111 z 11141411
111411411411411 1 1111411141 1 161114141111 14111 11411 11141111 1141411161
11141114, 11141411, 14 1114 by& 11141414 1 411141 1 po 411111411141141111141 414-
141111141. Τ1111111 411 1111 1111111141 1 14114414 1114111114, 414 4111141 114 4141414,
11141411 411 11141 4111411411, 1411111414 14 1411111141 1111411111. 1111
11111111 1111111111 14111 11141111, 11141141114141414114141411111411,11414·
1111441411 11411141411 441111111111 1414141111, 111414 1 1141 1114114 14·
14111 1111441141141414141111, 4 41141 111141 411114114141411441414111111
1414141141.

¹⁶⁹) 1111111114 11011111111 111). 11414411. 114441. 0 1111411111
1141141111 1 14114414, 11114111 114111 114111 11141 1411411441411 161

¹³⁰) 11111. 1414114. 0111111. 11111). 1141144111114441.

Ι’1) 11111. Acta 14. conv. v01.11; 1111. Regem. Quaest.; 1414 C. Z. vol. 111;
4414441. (14111 (114111. vol. 11 v1; Ar. 1114. 11111133, 134131140, 144,
145, 1411041141. (11411111444414 014111. 11111141. 41. 1801 1411414141 1111111111.
t. IX 411. 215, 324, 333, 344, 352. Ρ111441111 41414111 1411141141 1141111141,
1111111141 11111414 11141414141414141114111111 1411141141, 111111 1114111114
1114 4111111411. ’11111 1141 4141411141 1 1111414111111 141, 1411141114 41414111),
1141111111 14111411 1141111111. 1. 1. 1141111411 1 11114 1114 114111114 11114
1111111411, 1411 1141111 1111114141111 1). 1., 41114141 41411141), 1111 11144111·
, 1411. 211114, 111111 1111114411 11411114 1114141114114111 1 11614141141, 11411111-
1141 1111114411 8111111 81. 1114 1 1114411114111111 14 1114111114 114 111, 411 141
111111 1114111411 8111414141 1111141411 4141141111 do 111144 111414 111111141411.
1114111) 81414141411 1111111141 411 111111 114111144114111, po 1414111111 1111111114
11411, 411 1114141411121111 8111141 411411141141 14 4111141411 4141141111, 414
1111 4141111441) 11111111 414111 141141114114, 1411411141, 1414111414 111 111111
411411111411114 111414111 4114111414-1114141141, 1414111414111411, 11141111
411411141411 111 p. 1.,41114141 11141411. 1141111411 1111411 14 1141111 1411141111
414141 1141111161 4111414111 141141 111414111 4141141141. 8141411411411111
411 1141111141, 114114141111 111141411141141, 141141 11144411) 4141141141 1411
141141 14111111 141 4141141141, 1441141111111411 1) 141 Abraham 8141111411
1141111 4111411411, 1620--1643, 2) 1111141 811411, 1141411 4111411411, 1644-1618,
31141 1111414111 11114111411,1141111 1111141411, 1679-1684, 41141 1111141411,
114111) 11441141111411141411, 1695-1720, 5) 11414111 1114141111 1111411, 114111)
114111111111411411, 1721-1723, 6) 114141 1141411414 (Do 1411414), 1724- 1125,
7111141 0111411411, 11141111 4411411411, 1126-1731, 8) 16141 Antoni 144141, 1141111
1111141141411, 1738--1744, 9) 141 1144111411, 114111111111411411, 174...-1157,
10) [11111111 1141114141), 1141111 1411111111411411,17.....-1715, 11) 14141111 1411
1141111411, 1114111) 11111141411, 1715-1788, 12) 141111114121114 0141411411,
11111141 suffragan 41411411, 1792-1804, (Ar. 11114. 1. 111114-1411 1414

 

