336

111. 114, 170, 186, 198, 203, 204, 240. Ρ100001010010, 111.
241. 1060800οο10, 111. 104. 81060001, 1100010010. 11010 110-
600160 1 11000160 w pierwszych 101006 1110100ἰο 0110600111,
111. 94; w 01110110110061111, 111. 167, 168; 00 1111110110101011111110
101 przed 11011010 0110600111, 111. 243, 250, 251. Czas 0100000-
00000 0 0110600111 110 00111060 1 001000010001111000,60101110,
egzamina, 0060106000, 060110 0000000060, 00110000 1110101100
101011100; 111. 77, 78, 79, 253, 254. Dzie1a 01110160 000000006
60 0011106ὁο 06 01010110160100 0061000066 06 6001660111.
77, 78, 79, 91,,96, 105, 106. 0103000010 000000] 0110010 01000
0101010160 11111160,111000010 110 0 01100006 1011101060 101100]
przez 11000160, 0000001000 0 11011011 111010010 0110110011100 110000·
010 01110160 61016001 03101000006, przynajmniej na katedrach
0001000110000006, 111. 24, 227, 228, 229. Ρ10010000 00 1100010
00011000 0 0110600111, 111. 113, 115, 116, 186. 190, 191, 198, 241.
Przyjmowanie 0166 0000006 0 11011111 00 001001160 0110600111 1 00-
6000010 60010060, 111. 191. 6001111010100110601010110. Rektor,
dziekan 0110600111 0 06 00010 000110010 0060101όο 601011001, 1100-
1101, 001010]Ι 1100106010ος 106 00661 00100000, 01060010600100111;
111. 94, 95, 96, 106, 107, 197, 198, 199. Poczet 1011101611 011060-
011106 0000011111 00 110 110600 jej istnienia, 111. 281, 282, 283, 284,
285, 286 Ρο0001 6010110060 00101006 006010160, 0 0100 1100110·
160 0110601011, 011 10101010 10110 6011011010 111. 289, 290, 290.
8111160 0110600111. Dwaj Bede11e‚ oddz'wierny czyli 10001000106
0600100111, str.¹ 95. Το1111010111010101010110160, 0000111 honoro·
we 100600, jak 1600100 60111016οε togi, birety‚ 0101ἑοί0010, 111. 95.
Togi 80601160, 111. 95. (1010111100οἰ0 0110600111, 0 06 000160 1111111
’ Ρο010 V Ρορ.,0]010000 bardziej ugody Jaworowskiej, najwyisi
jej 001010060100, 01600000 stt. 26, 27, 93, 140147. Κο0010·-Ι
100 b-pi 0601011ογ, 106 0101100 1 00100,0010101000610610100-
1000606011006 111010010 0110601010 111. 91, 92. 93,94,133,·134,·
130139, 140, 146, 147,199. 11100-1100010100 0110600111, 111. 91.
133. Ρ101001 10601011000 1100111110 kollegiack‘iej zamojskiej, jako
010010101000110600111,060101111010100 6661 011060011011106, 106010-
010 0110600111160, 0 0 0010000010 01001101001000111 6010111010010
0110601010 111. 79, 80, 83, 91, 92, 97, 98, 99. Ρο0001 0010110060,
1100010100, 0100-1100010100 1· 1060101101160, 06 0000011111111010010
0110601011 60 1016011010 111. 310, 311, 312. Dochody akademii.
Dochody 00 011 3111100100 0 16111006 0001006, 111. 75, 77, 97,
98, 99, 100, 131, 258. 261. 8100 60060660 00610006 0016000
0 6661 0100111606, jak i 0 0100011160 0611ορ110160, 10110000006 00

 

