314

8011111111 Wojciech, 111. 36, 87, 93, 94, 97, 98, 99, 264, 310.
9031111111, 111. 43.

301011111111. 53, 142, 203.ι

Borowski lgnaey, 111. 70, 254, 255, 308, 309.

Brillus Urban, 111. 38, 104.

Brodowski Patrycy, 111. 51, 121, 168, 181.

Brusius Piotr, 111. 36, 99.

Budzyfiski Jan, str. 43, 119, 149, 150, 173.

Burski (Bursius) Adam, 111. 20, 30, 93, 96, 97, 101, 281, 282.
Bykowski Kazimierz, 111. 63, 240, 304.

8110111111 Jan Kolumbin, 111. 41, 122, 176, 283.

C.

Charzewski Jbzes, str. 61, 237, 304.

6010111111111111105, 111. 52, 187, 188.
60111101111601111111)0011111111, 111. 36, 97, 99, 101, 120. ·
01111111 (Krzycki?) Jan, 111. 39, 109, 112, 132, 310.
Cwiklinski Tomasz, 111. 68, 252, 301, 308.

01111101 1111110111, 111. 40, 116.

0111001111 Jan Chrzciciel, 111. 41, 123, 124, 176, 177.

D.

Deniski Andrzej‚ 111. 50, 180.

Degen Marcin, ’111. 68, 202, 291, 301, 306, 308.

D1uski 1111011 Franciszek, 111. 43, 121, 148, 149.

Dobraszewski Sebastjan, 111. 40, 117, 122.

Dobrowolski Stanis1aw‚ 111. 69, 253, 251, 308.

9001111111111 Alojzy, 111. 69, 70, 254. 308, 309.

0011111111 111161), 111. 39, 108.

01111111 70111111, 111. 37, 102, 103, 106, 233, 282.

Drzazgowski Krzystos‚ str. 40.

Dulewski Baltazar, 111, 54, 55, 59, 178, 196, 206, 207, 208, 218,
226, 234, 249, 269, 272, 273, 274, 275, 286, 289, 290, 292,
299, 312.

0111111111ιί 8111111111, 111. 52, 63, 66, 151, 187, 196, 241, 248,
289, 290, 299, 300. ’

Dunczewski Micha1‚ 111. 52, 54, 196, 204, 205, 207, 285, 289, 292.

Dunczewski Jan, 111. 52, 63, 241, 248, 300.

Durecki Jan, 111. 39, 115.
12110011111Ρ1111, 111. 62, 64, 239, 240, 298.

 

