2112222222. . 201

1221122221 (12222, vol. lv 222. 256). 11222212 22222 1221222221 2222211 22212
2222 212212 222 2221222212 2222 22262211 2222222122, 22212122222212 (12222
221. 1v 221. 262), 1222 122 22 22211212122122212, 12 do 22222 22212 22222212
2121 2 2122· 21222 [12221 122 2226122 2221222221 r. 1131, 222 2222 2212221
21222212 2222 222222 22262211222211212 22212222. 1222212 212 222 2 22,-
6222 212222122, 2 22222221222116. (222. 11222212. 1222221). 11212212 222212122,
21262 21122212222222221 222121. 1116 2221212222212122 2221222122, 1112221212
212 2222221222 1222 1212122222, 2622 2212122222, 221 2 2221222222, 22
62 2212221 [1222222221222 1222 2212121222 22211212 22212222 212221122212 do
22222 grona. 1122222 26212 212 22262211 22222222 2221212212 2221222122 62
22122211212222 2221222122 2262· 22222112) 2 22122 Τ222221126112..1122, 2 22,-
2122212 222212 22. 2222221222 2122212221222, 2222 2122222212 222126222222
22222122 2226221222, 62 222222222221212222 2 r. 1163. 22222222122222
22 212222 22262211 2226262162 1162221222 1 2222221222, 222121 2222212122 22-
12221222 222122212 2122122222 22122221 212222 r. 1153,122121222(12
2212121 222222 21. 1191 (2212 cap. cath. 622122 vol. 111222. 316 1 311; 222.
2222212. Quaem rkp. 2212 Ac„ conv. vol. ll 226 r. 1123). 221122122222
1 2212121 22262212 2222212 2212622 2221222122, 21622 22222121 2 222221-
1222 22222222221222. 22122221 221 12222 22121212 22 22221221226222221-
22122 2222222222 221222 22 222221 1222 22262211. 1121226212 22122 122 od
1212122 2 r. 1146 212 221121 122 212222222 jak 1122212), 212 2222222 2222222.
2222121212 212 2621 2226212 2221122112, 221 joj 1122226221 226122221122212222,
22 21222122 6222212 22122222212222, 222121 2222226222 222222 2221222, 2122222
22212221222 2222 2122212122, 21222212 6212122222 22212212 2222222212221221222,
2122212 1222 22 2222222222. 222222126222 2121 22 212122 212222 2 22222
2222. 221 jak 6222122 2122121212222262211, 2621212122221122 (1222221, 2 21262
21121121222222112222 2 22212 3222222221212212 2 2221222212112222662 2 22222-
22162 22222 121 2121222212 na 22222222212222222 2222221221222 1 2221222222
2122 2221222222122, do 21222 22122212 216222 2261221 (1222262211222222212 112
2222211 11221221 2226262 2211 1122226221 22262212212121212212 21222222 21222122
26 22222 1222222222 2221122 2122222111 226 2222212212 11221221. Ρ262121 126222
2222222222 2212222212 212, 2 21222221 22621212122212 2226222, 2212112222
1 212 222222 2112. 21122 12, [12122221 do 22222 121212212 22262211 2212221 22
2122221222 2122121222 1 2212126222 62222662 222222122122 1.). 6ο 21221222
2122112122. 1131 W 122 2222 2212222222 2221212 22211212 1 2221122112. Ρ2212-
222 22222 02212122, 11226222 1 2222622, 22 2161222 2121 22222 2 22122222
2222212221 1 12122 2122222221 222212 2222222212 22222 2222122122212222-
(12222 2221212 2211222221 22 2122222212 22222222121222 22 2222222 22222211
112222 2222221222, 22122221 221211212222222222221212122222222122 1 26-
22222122. 112221 6222122212 muna 1222 6222222 212 22222222221262222 221
z 22122262 622222 22211212 221222212221 62122221212121, 2161222 1122221222
11622 12121222122 1 2222222122 222222222222222122· 62 2222212212 222222. 11221212
21262 2 r. 1110, 22 2212221 66221211, 2222 11222 222121, 1112122221, 21622 212

222222 ,211 1122212122 perpetuus 1122222122 2222222222 2212221212 2222121122 «2

institutus“ 222221, 122 22211212 22221212 2111222122 ο 2622222212 2222221221
1211212221 2222222121, 22 22 (1221212122 211222 2222122222 1222222222 22221222
2122226211 22122222 62222222 2226 2221222221, 22 2222221 r. 1191, 22 22222
22 1ο 22622212 21622212 2222221222, 2222 22121222 2122222222. (162 222
2 2222 22122 2221222222 1192, 6212 10121222, 22222111 6222212222221 2222222·’

 

