310

Ρ1300011013 1 0 1131011 111. Β. 8310030013. 103100300131311110100
partykularne (exbraordynaryjne): 0111301011 03333011. Α113 0310-
110301 1311110101οὴ 0101010131010 3111310300 03 003101130013010 311. 9,
10, 86, 87, 110, 162, 163. Α1011100011311110100, 1 313151001030101-
01, 311. l, 9, 10, 11, 12, 81, 87, 278, 279. 11003001311110103,
3 0100131001001 8. 1003333111). 0011131300110 sie boku 60113111·
soweg0. Biblioteka 1311111111, 311. 55, 58, 280. 2310301110 1 30113·
013003010 13101011, 311. 82, 83, 84, 85, 86, 87, 88, 89. Powaga
i znaczenie 11131313 03101303-101111313 33001311οξ0 0 1311110101 po
za 013; 311. 88, 89. 20303000 1 00110 1113000301 0 3111303011
31360011 11131313 30001331113 1311111111 1011011301101 3300131101,
311. 91, 92, 97, 98, 99, 207. 2013301 1311111111 3313110013, umo-
wa 3303113 1 301313 13030330 0133303 10 11010103111110101113113
013. 31311. 3301). 8001 0131313 10310333 3 0131310111 3011013311-
1100 01101033003100 10101303 0 1311111110103311311101011 03 ko-
13130 0313101010 311. 97. 81101 91301303 2300131010 3 Κ313131-
03 3 0311033 0 01030010 1111013011, 311. 101, 108. 13113 31101 21131·
31303 23001311030 3 61130103-11003130013 Χ. 1013010010013, 311.
125126. 81011130111111 3 0111103013 0 11103001003010 03101·
13010 1 1000 00006013 0101030110 010 3136001100 311. 160, 161,
162. (10133301 0113131 1311111111 3 301333033 11131313 301101331113
0 3110130 0-03011010311030 80100101101103 3131100113 1 0111103013,
(03113 011. 31311. 33011. 117330131111011 31300011010 110011001-
0300, 311. 152, 153, 161, 162. 97330 13111011 3 1311001110111 Wei-
31003110, 311. 165, 166, 173, 171. 1113131 13101011 0 0110130 313-
110011 11130010 33010130001 1 1101003001 10100010 10130 3131100111,
3 11030101 11130010 0110030111 11011010 1010003010οςος (13113. 011.
31311. 330). 2331011130110110311011001 3131101011, 311. 5, 25, 93,
160,170,1711030.10. 2331031 1311111111 10103000 po 10101010
313110οἰ1, 301333033 1113 031130330013 301010311001 11001100οο30
0131 10110 3131100111, 311. 219, 220, 221, 222. 223, 224. 11333313
13011011 1011031311 3300131101 101100030303 3 1333313 3131101011
311. 267, 268, 269, 270, 271, 272, 275, 279. Ρ13101000010 kapitu-
11101103131133010131101,1 11030100 10130 1131010 110 0110001011 033-
360, 311. 272, 273, 271, 275, 276.

Μ13310 2301030. Jego 33103οη10 1 1131011010, 311. 75. Uro·
03131030 pierwszego 31010013 131010013 1013313 230103013, 311. 155.
2310010 111303 0031110 23003013 311. 273. 01101113οἰ0 01131111 013-
313 23003013 111303 X. 103013 10013100311011), 311. 275. 8111301133
23003013 przez 0111103010 13311001 1310103103 100303300ος0, 311.
276. Κο301011 0 23003010 3 1031110013101 101181100011111030101

 

