1111111111. 279

1111111111 1111111111 111111111111 11111111, 111111 1111111111 111. 1111111111
1111111111 1111111111ιηί 111111111111111111111 11111111 1111111111, 1111111111,
11111111, 1 1111111111 1111111111111, 11111111111111 1111111111, 1111111 11111111-
111111 1111111111, 11111 11111111 1111111 11111111 111111 11111111111111111111
1111111 1111 1111111 1111111111 volumina 111 11111111111. 01111111, 111111 111111-
1111 11111 1111111111111 11 11111111 1111111 111111111. 1111111111 11111-
11111111111111,111111111111 1111111111, 111111 1111111111 11111111111111 111-
11111 1111, 111111 111111 1111111111111. 1111111111 11111 11111111111111111111
w 1111111111, 1111111 11111 1111111111 11111111 11111111111111 11111111-
1111111111 11111111 1111111111 1111111111. (111 1111, 111 111111111111111
1111111111, 111111 1111111111111, 11111111111111111111. 11111111] 11111, 111-
11111111 111 1111, samo 11111111111111111111 111111111111111111111 1111111111
11111111111111 1111111111 1111111111 w 1111111111, 1111111111 111111111111.
1111111 111111 1784 1111111111 1111111 11111111 Ι 11111111, 11111 1111111111
1 11111111 11111111111111 do 1611 11111111111111111111111, 111 1111111111
11111 1111 1111111111 1 1111111111,111111 1111111111 11111111 1111111111,
111111116111111111111, 1111111, 111111111111111. 111111111111111 1111111111.
1111111 1111111111 1111111111 1111111111, 11111111 11 1111111111111111111,111
111 1111111111 1111 11111111. Po 111111111111 1111111111 w r. 1792, 111111
111 1111111 1111111111111111 1111111111 1111 11111111111111 111111111111
111111111111111111 1111111111111, 111 1111111111111111, 1111111111 1111111·
11111. 1111111111 1111111111 11 1111111111 1111111 1111111111. 1111111111 111·
111, 1111111111111111111 11111111 1111111111111, 1111111 111111 111111111-
domii! 11111111, 111 1 po 111111111111 1111111111 111111, 1111111 1111111111
11111111, 1111111111 11111111111,11111111111, 1111111111 1111111111111. 81111111
111 111111111111111111111, 11 111 11111111 11111111 111111111111111,111111
11111 111 do 1111111111 11111111 11111 1111111111 1111111111. Nlo 111111 1111111111,
11111 11111111 do 1116111111111111111111111 111111111111 11111111111111 11
1111111111 1111111111, 1111111 111111,11111111 1111111111111111111111111111
11111111, albo 111 1111111 11111111, 1111 11111111 1111111111, 11111 1111 11111111
1111111111 11111111. 111111 1111111111111111111111111111111, 1111111111 1111,
11111 w 1111111 111111 1111 w 1111 1111111, 11111111, 1111111111, 11111111111111
1111, 1 1111111 111111111111111111111111 1111111111. Ι11 r. 1862,111111111111
11111111 1111111111 11111 11. 11111111111111, 11111111111111111111111111111,
1111111111 1111111 1111 1111111111111111 11111111 1111111111, 11111 11111111
1111111111] 111 11111111, 11 111111 11111111, 111 11111111 11111111 do 111 111-
1111111. 111111111111111111111111 111111 1111111111 11111111111111111111111
11111111111111 1 1111, 1111111111111 1111111111 1111111 111 11 1111111111 1111-
11111111,11111111111111 1111111111ιί 11111111. Brak 11111111 111111111111111·
111111111111. 1862- 1866, 1111111111 111111 1111111111 1. 1866, 11111 1111111
11111111 111111111111 1 11111111 1111111111 1111111111 1111111111111111111-
11111111, 111111111111111111111, 1111111111 1111111111. 111111 w r. 18191111111
11 111111 1111111111 to 1111111111 1 111111111111111111, 11111111 1111111 1111111
1111 w 1111111 1111111 11111111111111111111, 111111 w 111111 1 1111 11111111
11111111 1111111111 1 1111111111111111111111111 11111111 1111111111;111111111111
11111111 11111111 w 1111111 1 1111111111 1111111 11111 111111111111111111111·
11111. Τ1 1 111111111111111 1111111111 111111 1111111111, 11 1111111111 111
111 111111, 111111 1111 1 1111 1111111111 11 serio 1111111111, 11111111111111161
11111 111 1111 11111111111111111. Τ1111 111111 11111111111111111111111111·

 

