337

05515511 111555155511. 510555510511 1 1155515515 511. 126,127,128, ’
129.130,131,132, 149, 150, 162,164,165,201, 202, 207, 208,
210, 211, 256, 257, 258, 259, 200, 261, 262. 0511555515 celem
551511555515 15505555 55 111555 11151555151115, 511. 100, 102104,
106, 208, 209, 210, 211, 212, 259, 262. Ρ15551115155ο155511505-
151151555551155555511,511. 265, 266, 267. 955555 151115151155-
51515, 1111111515115155 5551555111 1115151115 0111115151, 055511 1150511115,
5055155555 511. 199. Ρ1555 11555151555 1115151115 0111115151, 511.
218. 111555 155555 0515115505 5555051515511, 511. 267. Pomieszcze·
5155150550. Budynek pierwotny, 511. 33, 34, 117. Budynek
5555151555, 5551551555 5 1151555515 5515555515 111555 1151515555
z 05115115 1151 5555, 55155505 55505511515111535, 511. 28, 29105.
(105 155 5515151 1111055511 5 1155500 111551( krajowych nie 555151 zu·
1151515 5515555555, gdy 5 51115515 51150115 5115055111 1151055
1150511501, 5515555555 555151 15155155155555 115 151515115 511505·
11111 5 055115οὀ5 5555155155 0055555555 5 510555551; 511. 126,
197, 208, 209, 210, 211, 212. 2515555 115 55555150 5115055111 bu·
055515551551515111, 511. 29, 221, 224, 225. Zebrany 5 055115οὁ5
55551555155511 11551151 1 1511555155 55 0111115511 5155151055, 51115-

5551 50 niego 1115555555555 55 01155515515 5 55151511 1151550115

gmachu akademickiego3 511. 263. ’1155 5111555 0515105 5115055111
5555151151 51515555, 5511150551 115515515οέ51 50 1. 1595 dor. 1648;
drugi, upadku od r. 1648 do 1. 17411 115551 0551115515 515 5 51150-

ku od 1, 1746 05 1. 1784,- 511. 113,124,125, 126, 131,132, 191
15551510 in. 251555515 1 zorganizowanie 5115055111511. 73,74,
75, 76, 77, 78, 79, 80, 81. Warunki 551ὁο 1111115511 55155555
5551515, 111. 25, 26, 27, 28, 29. 1555151115 15 5115111515 5 ciagu
151 151515515, 511. 24, 25, 29, 30. 851555055515 111515555511 profes·
55155 do akademii, 511. 32, 33, 34, 35. Ρ55551>111515555155 5115-
055111, 50 5515555151 do kassaty tejz'e, 1151515 151 1155515515 115505·
go 5 111515555155 5155051551555; 511. 36-71. Ogblna 5551515515-
515115 1551155 111515555155, 1511 55515111 5 05151555 5551515 1155555511-
551 1 5515051151 511. 21, 22, 23, 24. Ζ515551151505511151151111515
1115151115 1 1155551155 5515510055511. 1, 7677, 78, 79, 80, 81,
82, 83, 84, 85, 86. 1115555 5555115 1515055 15511 0515515 1551515·
555511, 511. 93. 955505 55515515515 owego 55515 15555οέ51, jaki
1151 55051515851515 5115055 515151 50 111515555511 5115111511 551555-
1115, 511. 4, 5, 6. Ζ551501155155 5511555515 551155155551515 aka·
05511155 do ostatecznego 551355155555151 5115515515 15155, mimo
5511115155 5515515555111 1115515555511 0555511 11155555 5 11155511515
0 515155515511 51505511Ζ5115111051. 22

 

