110 1111111111.

, 11111 1111111111 (111. 11111 Α. Ζ. 11177176). 111111 11111111 81111111

Ρ1111111111 111111111111 1. 164611111111111111 11111111. 111 1 111111·
111 111 1111111111111 1111111111 1111111111 11. K. 1111111111111111111.
L. vol. 113, kar. 6). 11111 611111, 11111 1111, 1111 1111111111 1611111111
Ζ11111111111111 111111111111111111111111111111111 11111111 (11111 111.
10). 1311111111 8111111111 1 1. 1662 111111 1111111111-111111111. 1111 111
161111111111111111111111111111111111111 1 1111111111 111111111111. 1111-
1111, 111111 1 (1111111, 1111111111 1111111111111, 11111 1111111 1111111111111-
111111 111111 Ζ111111111ο, 11111111 11111111111111. Ζ1111161 [1111111111
1 1111111111, 1 111111111111, 111111111 111111111111 w 1. 16661 11 111-
11111111111111· 1111111111 11111111, 11111111 11111111 11 1111111111111111111·
111111 11111111, 11 116111· 11111111 1111111111· 11111111111111111. Κ11-
11111,11111111111-1111111, 1111111. 1662 1 11111111, 1111111111 1ο pray-
prcwadzaacgo 1ο 11111111 11111111 111111111111111 111111111611111111171,
11111111611111111111111 111111 11111111, 11111 11 111111 1111111111 11111
1111111111111 (Acta 0. Ζ. 111. Ι). 1111111111 tc, 11161 11111161111116111 ,
1111 Ζ611111111, 111111 11 1111111111111111111111111111 11111 011111111-
11, 11161111 1111111 1 111111 1111111111 1111111111, 11]·111111111111 1111
111161, 1 11111111 111111 tcj 11111111. 11111111111111111111111111,111111
1111111, 11111111, 1 611111 1111111111111111111111 111111 1 11111111 111111111,
111111. 11111111111111111111161111111· 1 111111111111111111. 8111111111
111111111111111111111 11111111 1 11111111 11111111111111118111111 1111-
111111111 1111111 11111111 1111111111 ,111 fasta Rcllqularum Ecclesiae collegia-
tac Zamosccns1s“. K10p0011 11111 111111 11111111 1 1. 1609111111 11111111,
111 1111 11111111 11111 1 111111 1111111111 1111111111 1 r. 1666 1111111. Ζο-
1111111111111111111111111 1111111111 1111111111111, 111111 111111 1111111-
1111111111111 1 111111 ja 1 111111 1111111111. Tam 11111111111, 1111111-
11, 11 1111111111] 111111111111111, 11 1 1111· aa 111111111111111111111
111111111111111111 11 1111111111 1 11111 111111111111111111 Τ111111 111111-
111111, 1111111 111111 1111111111] 1111 l 1111111111 1. 1663 11111111111111-
11111111 0. Ζ. 111. Ι 1111. Lib. 11111. 111. 47-63 1223-331). 1111111111,
11 111611 11111111 1 111 1111111111111111111,11111111’ 61111111, 11111111
1Ζ11111111111111111111111, 11111 11111111-11111111 1111111111 111111 ta,
1111111111111111111111111 111111111111 111 1111111 111111 111 11 11161
1111111111 11111111, 111 11111111111111111111111, 1111111, 1111111 111·
11111111 11111111 1111111111111111 1111111111 to 1111111111 111111111111111
1111811111 0. Ρ. Ι).11111111111111111111111111111111 1111111111 1 11111111
1 11111111 1111111 11111111111111111. 1638 11111111 ,11111111111111111
111 admittantur, 1111111111 111111111111111111 1111111111 Grammaticos 11111,
1111111111α (Aa. Kana. L. 111. 160, 111. 131-146). Sakala 11 1111111111111-
111111 111 1111 1111111111. Ζ111111111 11111111. 1668, 1111111111111111
1111111111111111111111 11 1111111111 11111111111111111111111111111. Mu-
a1a1a 611 1111111, 11111 111111 11111111 1111111111 1111111111 1 1. 1666,
1 11111111 1111111 11111111111111, 1111111111· 1111111111111 ,18111111
in 11111111 111 reperimus 1111111111 1111111α (Acta 0. Ζ. 111. Ι). 11111111,
badae J'cazcac 111111111111111111111111 1000 111111111111111 11116111Ι 11-
11111111111111, 116111111111111 1 11111111, jedna 1111111 1111111111111111
1111611111-11111111 111. 2500, 1 potam 11111 111 1111111111 (11111111. A.
Ζ.,111.93, 111. L1b. 111111, 111. 103, 111. Act. Aa. 0111. 111. 11 1111. 1783).

 

